# FFP10 field rotation power spectrum (raw cls of lensing rotation potential)
# L=0 to 7000, from camb.postborn
0.00000e+00
0.00000e+00
4.96796e-15
2.71702e-15
1.68265e-15
1.13028e-15
8.03168e-16
5.94682e-16
4.54469e-16
3.56134e-16
2.84829e-16
2.31687e-16
1.91174e-16
1.59687e-16
1.34810e-16
1.14871e-16
9.86887e-17
8.54092e-17
7.44022e-17
6.51967e-17
5.74380e-17
5.08521e-17
4.52249e-17
4.03874e-17
3.62049e-17
3.25697e-17
2.93947e-17
2.66099e-17
2.41578e-17
2.19906e-17
2.00683e-17
1.83576e-17
1.68303e-17
1.54627e-17
1.42344e-17
1.31284e-17
1.21297e-17
1.12261e-17
1.04065e-17
9.66171e-18
8.98346e-18
8.36462e-18
7.79894e-18
7.28092e-18
6.80573e-18
6.36911e-18
5.96730e-18
5.59696e-18
5.25515e-18
4.93925e-18
4.64690e-18
4.37600e-18
4.12467e-18
3.89121e-18
3.67410e-18
3.47197e-18
3.28358e-18
3.10782e-18
2.94367e-18
2.79023e-18
2.64665e-18
2.51219e-18
2.38614e-18
2.26789e-18
2.15686e-18
2.05252e-18
1.95439e-18
1.86203e-18
1.77504e-18
1.69305e-18
1.61571e-18
1.54271e-18
1.47376e-18
1.40860e-18
1.34697e-18
1.28865e-18
1.23342e-18
1.18110e-18
1.13150e-18
1.08445e-18
1.03980e-18
9.97404e-19
9.57123e-19
9.18833e-19
8.82418e-19
8.47769e-19
8.14785e-19
7.83371e-19
7.53438e-19
7.24903e-19
6.97689e-19
6.71724e-19
6.46940e-19
6.23273e-19
6.00664e-19
5.79056e-19
5.58398e-19
5.38640e-19
5.19735e-19
5.01640e-19
4.84313e-19
4.67717e-19
4.51815e-19
4.36572e-19
4.21956e-19
4.07937e-19
3.94486e-19
3.81576e-19
3.69181e-19
3.57277e-19
3.45840e-19
3.34850e-19
3.24285e-19
3.14126e-19
3.04355e-19
2.94954e-19
2.85907e-19
2.77198e-19
2.68812e-19
2.60735e-19
2.52953e-19
2.45454e-19
2.38226e-19
2.31256e-19
2.24535e-19
2.18052e-19
2.11797e-19
2.05759e-19
1.99932e-19
1.94305e-19
1.88870e-19
1.83621e-19
1.78549e-19
1.73648e-19
1.68910e-19
1.64329e-19
1.59899e-19
1.55615e-19
1.51470e-19
1.47460e-19
1.43578e-19
1.39821e-19
1.36183e-19
1.32660e-19
1.29248e-19
1.25943e-19
1.22740e-19
1.19637e-19
1.16629e-19
1.13712e-19
1.10885e-19
1.08142e-19
1.05482e-19
1.02902e-19
1.00398e-19
9.79685e-20
9.56102e-20
9.33208e-20
9.10981e-20
8.89396e-20
8.68432e-20
8.48069e-20
8.28285e-20
8.09061e-20
7.90379e-20
7.72221e-20
7.54570e-20
7.37408e-20
7.20720e-20
7.04490e-20
6.88704e-20
6.73347e-20
6.58406e-20
6.43867e-20
6.29718e-20
6.15946e-20
6.02540e-20
5.89487e-20
5.76778e-20
5.64401e-20
5.52346e-20
5.40603e-20
5.29163e-20
5.18017e-20
5.07156e-20
4.96570e-20
4.86253e-20
4.76195e-20
4.66390e-20
4.56829e-20
4.47507e-20
4.38414e-20
4.29546e-20
4.20895e-20
4.12455e-20
4.04221e-20
3.96185e-20
3.88344e-20
3.80690e-20
3.73219e-20
3.65926e-20
3.58805e-20
3.51853e-20
3.45063e-20
3.38432e-20
3.31955e-20
3.25629e-20
3.19448e-20
3.13410e-20
3.07509e-20
3.01743e-20
2.96108e-20
2.90600e-20
2.85216e-20
2.79953e-20
2.74808e-20
2.69777e-20
2.64857e-20
2.60046e-20
2.55340e-20
2.50738e-20
2.46236e-20
2.41832e-20
2.37523e-20
2.33307e-20
2.29182e-20
2.25144e-20
2.21193e-20
2.17325e-20
2.13540e-20
2.09834e-20
2.06205e-20
2.02653e-20
1.99174e-20
1.95768e-20
1.92432e-20
1.89164e-20
1.85964e-20
1.82829e-20
1.79758e-20
1.76749e-20
1.73801e-20
1.70912e-20
1.68081e-20
1.65307e-20
1.62588e-20
1.59924e-20
1.57311e-20
1.54751e-20
1.52240e-20
1.49779e-20
1.47366e-20
1.45000e-20
1.42679e-20
1.40403e-20
1.38172e-20
1.35983e-20
1.33835e-20
1.31729e-20
1.29663e-20
1.27635e-20
1.25646e-20
1.23694e-20
1.21779e-20
1.19900e-20
1.18055e-20
1.16245e-20
1.14468e-20
1.12724e-20
1.11011e-20
1.09331e-20
1.07680e-20
1.06060e-20
1.04469e-20
1.02907e-20
1.01373e-20
9.98667e-21
9.83872e-21
9.69340e-21
9.55067e-21
9.41047e-21
9.27274e-21
9.13744e-21
9.00452e-21
8.87392e-21
8.74561e-21
8.61952e-21
8.49562e-21
8.37386e-21
8.25420e-21
8.13660e-21
8.02101e-21
7.90739e-21
7.79571e-21
7.68593e-21
7.57800e-21
7.47189e-21
7.36757e-21
7.26500e-21
7.16415e-21
7.06497e-21
6.96745e-21
6.87154e-21
6.77722e-21
6.68445e-21
6.59321e-21
6.50347e-21
6.41519e-21
6.32835e-21
6.24292e-21
6.15887e-21
6.07619e-21
5.99483e-21
5.91479e-21
5.83603e-21
5.75852e-21
5.68225e-21
5.60720e-21
5.53333e-21
5.46063e-21
5.38908e-21
5.31865e-21
5.24932e-21
5.18108e-21
5.11390e-21
5.04777e-21
4.98266e-21
4.91856e-21
4.85545e-21
4.79331e-21
4.73212e-21
4.67187e-21
4.61254e-21
4.55411e-21
4.49657e-21
4.43990e-21
4.38408e-21
4.32911e-21
4.27496e-21
4.22163e-21
4.16909e-21
4.11733e-21
4.06635e-21
4.01612e-21
3.96663e-21
3.91788e-21
3.86984e-21
3.82251e-21
3.77587e-21
3.72991e-21
3.68463e-21
3.64000e-21
3.59602e-21
3.55267e-21
3.50995e-21
3.46785e-21
3.42635e-21
3.38544e-21
3.34512e-21
3.30537e-21
3.26619e-21
3.22757e-21
3.18949e-21
3.15195e-21
3.11494e-21
3.07844e-21
3.04246e-21
3.00699e-21
2.97201e-21
2.93751e-21
2.90349e-21
2.86995e-21
2.83687e-21
2.80424e-21
2.77207e-21
2.74033e-21
2.70904e-21
2.67816e-21
2.64771e-21
2.61768e-21
2.58805e-21
2.55882e-21
2.52999e-21
2.50154e-21
2.47348e-21
2.44579e-21
2.41848e-21
2.39153e-21
2.36494e-21
2.33870e-21
2.31281e-21
2.28726e-21
2.26205e-21
2.23718e-21
2.21263e-21
2.18840e-21
2.16449e-21
2.14089e-21
2.11760e-21
2.09461e-21
2.07192e-21
2.04953e-21
2.02742e-21
2.00560e-21
1.98406e-21
1.96280e-21
1.94181e-21
1.92108e-21
1.90063e-21
1.88043e-21
1.86049e-21
1.84080e-21
1.82136e-21
1.80217e-21
1.78321e-21
1.76450e-21
1.74602e-21
1.72777e-21
1.70975e-21
1.69196e-21
1.67438e-21
1.65703e-21
1.63989e-21
1.62296e-21
1.60624e-21
1.58973e-21
1.57341e-21
1.55730e-21
1.54139e-21
1.52567e-21
1.51014e-21
1.49480e-21
1.47965e-21
1.46468e-21
1.44989e-21
1.43528e-21
1.42085e-21
1.40659e-21
1.39250e-21
1.37858e-21
1.36483e-21
1.35124e-21
1.33781e-21
1.32454e-21
1.31143e-21
1.29847e-21
1.28567e-21
1.27302e-21
1.26051e-21
1.24816e-21
1.23594e-21
1.22387e-21
1.21195e-21
1.20016e-21
1.18851e-21
1.17699e-21
1.16561e-21
1.15436e-21
1.14323e-21
1.13224e-21
1.12137e-21
1.11063e-21
1.10001e-21
1.08952e-21
1.07914e-21
1.06888e-21
1.05874e-21
1.04871e-21
1.03879e-21
1.02899e-21
1.01930e-21
1.00972e-21
1.00024e-21
9.90874e-22
9.81610e-22
9.72449e-22
9.63391e-22
9.54434e-22
9.45576e-22
9.36816e-22
9.28153e-22
9.19586e-22
9.11113e-22
9.02733e-22
8.94446e-22
8.86249e-22
8.78141e-22
8.70123e-22
8.62191e-22
8.54346e-22
8.46586e-22
8.38910e-22
8.31317e-22
8.23806e-22
8.16376e-22
8.09026e-22
8.01755e-22
7.94562e-22
7.87445e-22
7.80405e-22
7.73440e-22
7.66549e-22
7.59731e-22
7.52985e-22
7.46311e-22
7.39708e-22
7.33174e-22
7.26709e-22
7.20312e-22
7.13983e-22
7.07719e-22
7.01521e-22
6.95388e-22
6.89319e-22
6.83313e-22
6.77370e-22
6.71488e-22
6.65667e-22
6.59906e-22
6.54205e-22
6.48563e-22
6.42978e-22
6.37451e-22
6.31981e-22
6.26567e-22
6.21208e-22
6.15904e-22
6.10654e-22
6.05458e-22
6.00314e-22
5.95222e-22
5.90182e-22
5.85193e-22
5.80255e-22
5.75366e-22
5.70526e-22
5.65735e-22
5.60993e-22
5.56297e-22
5.51649e-22
5.47047e-22
5.42491e-22
5.37980e-22
5.33515e-22
5.29093e-22
5.24716e-22
5.20381e-22
5.16090e-22
5.11841e-22
5.07634e-22
5.03468e-22
4.99343e-22
4.95259e-22
4.91215e-22
4.87210e-22
4.83244e-22
4.79317e-22
4.75428e-22
4.71577e-22
4.67763e-22
4.63986e-22
4.60246e-22
4.56542e-22
4.52873e-22
4.49240e-22
4.45641e-22
4.42077e-22
4.38548e-22
4.35051e-22
4.31589e-22
4.28159e-22
4.24762e-22
4.21397e-22
4.18064e-22
4.14762e-22
4.11492e-22
4.08253e-22
4.05044e-22
4.01865e-22
3.98716e-22
3.95597e-22
3.92507e-22
3.89445e-22
3.86412e-22
3.83408e-22
3.80431e-22
3.77482e-22
3.74561e-22
3.71666e-22
3.68798e-22
3.65957e-22
3.63142e-22
3.60353e-22
3.57589e-22
3.54851e-22
3.52137e-22
3.49449e-22
3.46785e-22
3.44146e-22
3.41530e-22
3.38938e-22
3.36370e-22
3.33825e-22
3.31303e-22
3.28804e-22
3.26327e-22
3.23873e-22
3.21441e-22
3.19031e-22
3.16642e-22
3.14274e-22
3.11928e-22
3.09603e-22
3.07298e-22
3.05014e-22
3.02751e-22
3.00507e-22
2.98283e-22
2.96079e-22
2.93895e-22
2.91729e-22
2.89583e-22
2.87456e-22
2.85347e-22
2.83257e-22
2.81185e-22
2.79131e-22
2.77096e-22
2.75078e-22
2.73077e-22
2.71094e-22
2.69128e-22
2.67179e-22
2.65247e-22
2.63332e-22
2.61433e-22
2.59551e-22
2.57685e-22
2.55834e-22
2.54000e-22
2.52182e-22
2.50379e-22
2.48591e-22
2.46819e-22
2.45061e-22
2.43319e-22
2.41592e-22
2.39879e-22
2.38180e-22
2.36496e-22
2.34827e-22
2.33171e-22
2.31529e-22
2.29901e-22
2.28287e-22
2.26687e-22
2.25099e-22
2.23525e-22
2.21964e-22
2.20417e-22
2.18882e-22
2.17360e-22
2.15850e-22
2.14353e-22
2.12868e-22
2.11396e-22
2.09936e-22
2.08488e-22
2.07052e-22
2.05627e-22
2.04215e-22
2.02814e-22
2.01424e-22
2.00046e-22
1.98679e-22
1.97323e-22
1.95978e-22
1.94645e-22
1.93322e-22
1.92009e-22
1.90708e-22
1.89417e-22
1.88136e-22
1.86866e-22
1.85606e-22
1.84356e-22
1.83116e-22
1.81886e-22
1.80666e-22
1.79456e-22
1.78255e-22
1.77064e-22
1.75883e-22
1.74711e-22
1.73548e-22
1.72394e-22
1.71250e-22
1.70115e-22
1.68988e-22
1.67871e-22
1.66762e-22
1.65663e-22
1.64571e-22
1.63489e-22
1.62415e-22
1.61349e-22
1.60292e-22
1.59243e-22
1.58202e-22
1.57169e-22
1.56144e-22
1.55127e-22
1.54119e-22
1.53117e-22
1.52124e-22
1.51139e-22
1.50161e-22
1.49190e-22
1.48227e-22
1.47272e-22
1.46324e-22
1.45383e-22
1.44449e-22
1.43523e-22
1.42603e-22
1.41691e-22
1.40785e-22
1.39887e-22
1.38995e-22
1.38110e-22
1.37232e-22
1.36361e-22
1.35496e-22
1.34637e-22
1.33785e-22
1.32940e-22
1.32101e-22
1.31268e-22
1.30442e-22
1.29621e-22
1.28807e-22
1.27999e-22
1.27197e-22
1.26401e-22
1.25611e-22
1.24827e-22
1.24049e-22
1.23276e-22
1.22509e-22
1.21748e-22
1.20993e-22
1.20243e-22
1.19499e-22
1.18760e-22
1.18026e-22
1.17298e-22
1.16576e-22
1.15858e-22
1.15146e-22
1.14440e-22
1.13738e-22
1.13041e-22
1.12350e-22
1.11663e-22
1.10982e-22
1.10306e-22
1.09634e-22
1.08967e-22
1.08306e-22
1.07649e-22
1.06996e-22
1.06349e-22
1.05706e-22
1.05068e-22
1.04434e-22
1.03805e-22
1.03180e-22
1.02560e-22
1.01944e-22
1.01333e-22
1.00726e-22
1.00124e-22
9.95255e-23
9.89316e-23
9.83418e-23
9.77562e-23
9.71748e-23
9.65975e-23
9.60243e-23
9.54552e-23
9.48901e-23
9.43290e-23
9.37718e-23
9.32185e-23
9.26692e-23
9.21237e-23
9.15820e-23
9.10441e-23
9.05100e-23
8.99797e-23
8.94530e-23
8.89300e-23
8.84107e-23
8.78950e-23
8.73828e-23
8.68742e-23
8.63692e-23
8.58676e-23
8.53696e-23
8.48749e-23
8.43837e-23
8.38959e-23
8.34114e-23
8.29303e-23
8.24525e-23
8.19779e-23
8.15066e-23
8.10386e-23
8.05737e-23
8.01121e-23
7.96535e-23
7.91982e-23
7.87459e-23
7.82967e-23
7.78505e-23
7.74074e-23
7.69673e-23
7.65302e-23
7.60960e-23
7.56647e-23
7.52364e-23
7.48110e-23
7.43884e-23
7.39687e-23
7.35518e-23
7.31377e-23
7.27264e-23
7.23179e-23
7.19120e-23
7.15089e-23
7.11085e-23
7.07108e-23
7.03157e-23
6.99232e-23
6.95334e-23
6.91462e-23
6.87615e-23
6.83793e-23
6.79997e-23
6.76227e-23
6.72481e-23
6.68760e-23
6.65063e-23
6.61391e-23
6.57742e-23
6.54118e-23
6.50518e-23
6.46941e-23
6.43388e-23
6.39858e-23
6.36351e-23
6.32867e-23
6.29406e-23
6.25967e-23
6.22551e-23
6.19157e-23
6.15785e-23
6.12435e-23
6.09107e-23
6.05800e-23
6.02514e-23
5.99250e-23
5.96007e-23
5.92785e-23
5.89584e-23
5.86403e-23
5.83243e-23
5.80103e-23
5.76983e-23
5.73883e-23
5.70803e-23
5.67743e-23
5.64702e-23
5.61681e-23
5.58678e-23
5.55696e-23
5.52732e-23
5.49787e-23
5.46860e-23
5.43952e-23
5.41063e-23
5.38192e-23
5.35339e-23
5.32504e-23
5.29687e-23
5.26888e-23
5.24106e-23
5.21342e-23
5.18595e-23
5.15866e-23
5.13154e-23
5.10458e-23
5.07780e-23
5.05118e-23
5.02473e-23
4.99845e-23
4.97232e-23
4.94637e-23
4.92057e-23
4.89493e-23
4.86945e-23
4.84413e-23
4.81897e-23
4.79397e-23
4.76911e-23
4.74442e-23
4.71987e-23
4.69547e-23
4.67123e-23
4.64714e-23
4.62319e-23
4.59939e-23
4.57574e-23
4.55223e-23
4.52886e-23
4.50564e-23
4.48256e-23
4.45962e-23
4.43683e-23
4.41417e-23
4.39164e-23
4.36926e-23
4.34701e-23
4.32490e-23
4.30292e-23
4.28107e-23
4.25936e-23
4.23777e-23
4.21632e-23
4.19500e-23
4.17381e-23
4.15274e-23
4.13180e-23
4.11099e-23
4.09030e-23
4.06973e-23
4.04929e-23
4.02897e-23
4.00877e-23
3.98870e-23
3.96874e-23
3.94890e-23
3.92918e-23
3.90958e-23
3.89010e-23
3.87073e-23
3.85147e-23
3.83233e-23
3.81330e-23
3.79439e-23
3.77559e-23
3.75690e-23
3.73831e-23
3.71984e-23
3.70148e-23
3.68323e-23
3.66508e-23
3.64704e-23
3.62910e-23
3.61127e-23
3.59355e-23
3.57593e-23
3.55841e-23
3.54099e-23
3.52368e-23
3.50647e-23
3.48935e-23
3.47234e-23
3.45543e-23
3.43861e-23
3.42189e-23
3.40527e-23
3.38874e-23
3.37231e-23
3.35598e-23
3.33974e-23
3.32359e-23
3.30754e-23
3.29158e-23
3.27571e-23
3.25993e-23
3.24424e-23
3.22865e-23
3.21314e-23
3.19772e-23
3.18239e-23
3.16715e-23
3.15199e-23
3.13692e-23
3.12194e-23
3.10704e-23
3.09222e-23
3.07750e-23
3.06285e-23
3.04829e-23
3.03381e-23
3.01941e-23
3.00509e-23
2.99086e-23
2.97670e-23
2.96263e-23
2.94863e-23
2.93472e-23
2.92088e-23
2.90712e-23
2.89343e-23
2.87983e-23
2.86630e-23
2.85284e-23
2.83946e-23
2.82616e-23
2.81293e-23
2.79978e-23
2.78669e-23
2.77368e-23
2.76075e-23
2.74788e-23
2.73509e-23
2.72236e-23
2.70971e-23
2.69713e-23
2.68462e-23
2.67218e-23
2.65980e-23
2.64750e-23
2.63526e-23
2.62309e-23
2.61098e-23
2.59895e-23
2.58698e-23
2.57507e-23
2.56323e-23
2.55146e-23
2.53975e-23
2.52810e-23
2.51652e-23
2.50500e-23
2.49355e-23
2.48215e-23
2.47082e-23
2.45955e-23
2.44834e-23
2.43719e-23
2.42611e-23
2.41508e-23
2.40411e-23
2.39321e-23
2.38236e-23
2.37157e-23
2.36084e-23
2.35016e-23
2.33955e-23
2.32899e-23
2.31849e-23
2.30804e-23
2.29765e-23
2.28732e-23
2.27704e-23
2.26682e-23
2.25665e-23
2.24653e-23
2.23647e-23
2.22647e-23
2.21652e-23
2.20662e-23
2.19677e-23
2.18698e-23
2.17723e-23
2.16754e-23
2.15790e-23
2.14832e-23
2.13878e-23
2.12929e-23
2.11986e-23
2.11047e-23
2.10113e-23
2.09184e-23
2.08261e-23
2.07342e-23
2.06427e-23
2.05518e-23
2.04613e-23
2.03714e-23
2.02818e-23
2.01928e-23
2.01042e-23
2.00161e-23
1.99285e-23
1.98413e-23
1.97545e-23
1.96682e-23
1.95824e-23
1.94970e-23
1.94121e-23
1.93276e-23
1.92435e-23
1.91599e-23
1.90767e-23
1.89939e-23
1.89116e-23
1.88297e-23
1.87482e-23
1.86671e-23
1.85865e-23
1.85062e-23
1.84264e-23
1.83470e-23
1.82680e-23
1.81894e-23
1.81112e-23
1.80334e-23
1.79560e-23
1.78790e-23
1.78024e-23
1.77262e-23
1.76504e-23
1.75750e-23
1.74999e-23
1.74253e-23
1.73510e-23
1.72771e-23
1.72035e-23
1.71304e-23
1.70576e-23
1.69851e-23
1.69131e-23
1.68414e-23
1.67701e-23
1.66991e-23
1.66285e-23
1.65582e-23
1.64883e-23
1.64188e-23
1.63496e-23
1.62808e-23
1.62122e-23
1.61441e-23
1.60763e-23
1.60088e-23
1.59417e-23
1.58748e-23
1.58084e-23
1.57422e-23
1.56764e-23
1.56109e-23
1.55458e-23
1.54810e-23
1.54165e-23
1.53523e-23
1.52884e-23
1.52249e-23
1.51616e-23
1.50987e-23
1.50361e-23
1.49738e-23
1.49118e-23
1.48501e-23
1.47887e-23
1.47276e-23
1.46668e-23
1.46064e-23
1.45462e-23
1.44863e-23
1.44267e-23
1.43674e-23
1.43084e-23
1.42497e-23
1.41912e-23
1.41331e-23
1.40752e-23
1.40176e-23
1.39603e-23
1.39033e-23
1.38466e-23
1.37901e-23
1.37339e-23
1.36780e-23
1.36223e-23
1.35670e-23
1.35118e-23
1.34570e-23
1.34024e-23
1.33481e-23
1.32941e-23
1.32403e-23
1.31867e-23
1.31335e-23
1.30804e-23
1.30277e-23
1.29752e-23
1.29229e-23
1.28709e-23
1.28192e-23
1.27676e-23
1.27164e-23
1.26654e-23
1.26146e-23
1.25641e-23
1.25138e-23
1.24637e-23
1.24139e-23
1.23644e-23
1.23150e-23
1.22659e-23
1.22171e-23
1.21684e-23
1.21200e-23
1.20718e-23
1.20239e-23
1.19762e-23
1.19287e-23
1.18814e-23
1.18344e-23
1.17875e-23
1.17409e-23
1.16946e-23
1.16484e-23
1.16024e-23
1.15567e-23
1.15112e-23
1.14659e-23
1.14208e-23
1.13759e-23
1.13313e-23
1.12868e-23
1.12425e-23
1.11985e-23
1.11547e-23
1.11110e-23
1.10676e-23
1.10244e-23
1.09813e-23
1.09385e-23
1.08959e-23
1.08535e-23
1.08112e-23
1.07692e-23
1.07274e-23
1.06857e-23
1.06442e-23
1.06030e-23
1.05619e-23
1.05210e-23
1.04803e-23
1.04398e-23
1.03995e-23
1.03594e-23
1.03194e-23
1.02797e-23
1.02401e-23
1.02007e-23
1.01615e-23
1.01224e-23
1.00835e-23
1.00449e-23
1.00064e-23
9.96802e-24
9.92987e-24
9.89188e-24
9.85407e-24
9.81644e-24
9.77897e-24
9.74167e-24
9.70455e-24
9.66759e-24
9.63080e-24
9.59418e-24
9.55772e-24
9.52143e-24
9.48530e-24
9.44934e-24
9.41354e-24
9.37790e-24
9.34242e-24
9.30710e-24
9.27194e-24
9.23694e-24
9.20209e-24
9.16740e-24
9.13287e-24
9.09850e-24
9.06427e-24
9.03020e-24
8.99629e-24
8.96252e-24
8.92891e-24
8.89544e-24
8.86213e-24
8.82896e-24
8.79595e-24
8.76308e-24
8.73035e-24
8.69777e-24
8.66534e-24
8.63305e-24
8.60090e-24
8.56890e-24
8.53704e-24
8.50532e-24
8.47373e-24
8.44229e-24
8.41099e-24
8.37983e-24
8.34880e-24
8.31791e-24
8.28716e-24
8.25654e-24
8.22606e-24
8.19571e-24
8.16550e-24
8.13542e-24
8.10546e-24
8.07565e-24
8.04596e-24
8.01640e-24
7.98697e-24
7.95767e-24
7.92850e-24
7.89945e-24
7.87054e-24
7.84174e-24
7.81308e-24
7.78454e-24
7.75612e-24
7.72783e-24
7.69966e-24
7.67161e-24
7.64368e-24
7.61588e-24
7.58819e-24
7.56063e-24
7.53318e-24
7.50586e-24
7.47865e-24
7.45156e-24
7.42458e-24
7.39773e-24
7.37098e-24
7.34436e-24
7.31785e-24
7.29145e-24
7.26516e-24
7.23899e-24
7.21293e-24
7.18699e-24
7.16115e-24
7.13542e-24
7.10981e-24
7.08430e-24
7.05891e-24
7.03362e-24
7.00844e-24
6.98337e-24
6.95840e-24
6.93354e-24
6.90879e-24
6.88414e-24
6.85960e-24
6.83516e-24
6.81082e-24
6.78659e-24
6.76246e-24
6.73843e-24
6.71451e-24
6.69068e-24
6.66696e-24
6.64334e-24
6.61981e-24
6.59639e-24
6.57306e-24
6.54984e-24
6.52671e-24
6.50368e-24
6.48074e-24
6.45790e-24
6.43516e-24
6.41251e-24
6.38996e-24
6.36750e-24
6.34514e-24
6.32287e-24
6.30069e-24
6.27861e-24
6.25662e-24
6.23472e-24
6.21291e-24
6.19119e-24
6.16957e-24
6.14803e-24
6.12658e-24
6.10522e-24
6.08395e-24
6.06277e-24
6.04168e-24
6.02067e-24
5.99975e-24
5.97892e-24
5.95818e-24
5.93752e-24
5.91694e-24
5.89645e-24
5.87605e-24
5.85573e-24
5.83549e-24
5.81533e-24
5.79526e-24
5.77528e-24
5.75537e-24
5.73554e-24
5.71580e-24
5.69614e-24
5.67656e-24
5.65706e-24
5.63764e-24
5.61829e-24
5.59903e-24
5.57985e-24
5.56074e-24
5.54171e-24
5.52276e-24
5.50389e-24
5.48509e-24
5.46637e-24
5.44773e-24
5.42916e-24
5.41067e-24
5.39225e-24
5.37391e-24
5.35564e-24
5.33745e-24
5.31933e-24
5.30128e-24
5.28331e-24
5.26541e-24
5.24758e-24
5.22982e-24
5.21213e-24
5.19452e-24
5.17698e-24
5.15950e-24
5.14210e-24
5.12477e-24
5.10751e-24
5.09031e-24
5.07319e-24
5.05613e-24
5.03914e-24
5.02222e-24
5.00537e-24
4.98859e-24
4.97187e-24
4.95522e-24
4.93863e-24
4.92212e-24
4.90566e-24
4.88928e-24
4.87295e-24
4.85670e-24
4.84051e-24
4.82438e-24
4.80831e-24
4.79231e-24
4.77638e-24
4.76050e-24
4.74469e-24
4.72895e-24
4.71326e-24
4.69764e-24
4.68207e-24
4.66657e-24
4.65114e-24
4.63576e-24
4.62044e-24
4.60518e-24
4.58998e-24
4.57485e-24
4.55977e-24
4.54475e-24
4.52979e-24
4.51489e-24
4.50005e-24
4.48526e-24
4.47053e-24
4.45587e-24
4.44125e-24
4.42670e-24
4.41220e-24
4.39776e-24
4.38337e-24
4.36905e-24
4.35477e-24
4.34056e-24
4.32639e-24
4.31229e-24
4.29823e-24
4.28424e-24
4.27029e-24
4.25640e-24
4.24257e-24
4.22879e-24
4.21506e-24
4.20138e-24
4.18776e-24
4.17419e-24
4.16068e-24
4.14721e-24
4.13380e-24
4.12044e-24
4.10713e-24
4.09387e-24
4.08066e-24
4.06750e-24
4.05440e-24
4.04134e-24
4.02833e-24
4.01538e-24
4.00247e-24
3.98961e-24
3.97681e-24
3.96405e-24
3.95134e-24
3.93868e-24
3.92606e-24
3.91350e-24
3.90098e-24
3.88851e-24
3.87609e-24
3.86372e-24
3.85139e-24
3.83911e-24
3.82688e-24
3.81469e-24
3.80255e-24
3.79045e-24
3.77840e-24
3.76640e-24
3.75444e-24
3.74253e-24
3.73066e-24
3.71884e-24
3.70706e-24
3.69533e-24
3.68364e-24
3.67199e-24
3.66039e-24
3.64883e-24
3.63732e-24
3.62585e-24
3.61442e-24
3.60304e-24
3.59169e-24
3.58039e-24
3.56914e-24
3.55792e-24
3.54675e-24
3.53562e-24
3.52453e-24
3.51348e-24
3.50247e-24
3.49151e-24
3.48058e-24
3.46970e-24
3.45885e-24
3.44805e-24
3.43729e-24
3.42656e-24
3.41588e-24
3.40524e-24
3.39463e-24
3.38407e-24
3.37354e-24
3.36306e-24
3.35261e-24
3.34220e-24
3.33183e-24
3.32150e-24
3.31120e-24
3.30095e-24
3.29073e-24
3.28055e-24
3.27041e-24
3.26030e-24
3.25023e-24
3.24020e-24
3.23021e-24
3.22025e-24
3.21033e-24
3.20044e-24
3.19060e-24
3.18078e-24
3.17101e-24
3.16127e-24
3.15156e-24
3.14189e-24
3.13226e-24
3.12266e-24
3.11310e-24
3.10357e-24
3.09407e-24
3.08461e-24
3.07519e-24
3.06580e-24
3.05644e-24
3.04712e-24
3.03783e-24
3.02858e-24
3.01935e-24
3.01017e-24
3.00101e-24
2.99189e-24
2.98280e-24
2.97375e-24
2.96472e-24
2.95573e-24
2.94678e-24
2.93785e-24
2.92896e-24
2.92010e-24
2.91127e-24
2.90247e-24
2.89371e-24
2.88497e-24
2.87627e-24
2.86760e-24
2.85896e-24
2.85035e-24
2.84177e-24
2.83322e-24
2.82471e-24
2.81622e-24
2.80776e-24
2.79934e-24
2.79094e-24
2.78258e-24
2.77424e-24
2.76594e-24
2.75766e-24
2.74941e-24
2.74120e-24
2.73301e-24
2.72485e-24
2.71672e-24
2.70862e-24
2.70055e-24
2.69250e-24
2.68449e-24
2.67650e-24
2.66855e-24
2.66062e-24
2.65271e-24
2.64484e-24
2.63699e-24
2.62918e-24
2.62139e-24
2.61362e-24
2.60589e-24
2.59818e-24
2.59050e-24
2.58284e-24
2.57522e-24
2.56762e-24
2.56004e-24
2.55250e-24
2.54498e-24
2.53748e-24
2.53002e-24
2.52257e-24
2.51516e-24
2.50777e-24
2.50041e-24
2.49307e-24
2.48576e-24
2.47847e-24
2.47121e-24
2.46397e-24
2.45676e-24
2.44958e-24
2.44242e-24
2.43528e-24
2.42817e-24
2.42109e-24
2.41403e-24
2.40699e-24
2.39998e-24
2.39299e-24
2.38603e-24
2.37909e-24
2.37218e-24
2.36529e-24
2.35842e-24
2.35158e-24
2.34476e-24
2.33796e-24
2.33119e-24
2.32444e-24
2.31771e-24
2.31101e-24
2.30433e-24
2.29768e-24
2.29104e-24
2.28443e-24
2.27784e-24
2.27128e-24
2.26474e-24
2.25822e-24
2.25172e-24
2.24524e-24
2.23879e-24
2.23236e-24
2.22595e-24
2.21956e-24
2.21320e-24
2.20685e-24
2.20053e-24
2.19423e-24
2.18795e-24
2.18170e-24
2.17546e-24
2.16925e-24
2.16305e-24
2.15688e-24
2.15073e-24
2.14460e-24
2.13849e-24
2.13240e-24
2.12633e-24
2.12029e-24
2.11426e-24
2.10825e-24
2.10227e-24
2.09630e-24
2.09036e-24
2.08443e-24
2.07852e-24
2.07264e-24
2.06677e-24
2.06093e-24
2.05510e-24
2.04930e-24
2.04351e-24
2.03774e-24
2.03199e-24
2.02626e-24
2.02056e-24
2.01487e-24
2.00919e-24
2.00354e-24
1.99791e-24
1.99230e-24
1.98670e-24
1.98112e-24
1.97557e-24
1.97003e-24
1.96451e-24
1.95900e-24
1.95352e-24
1.94805e-24
1.94261e-24
1.93718e-24
1.93177e-24
1.92637e-24
1.92100e-24
1.91564e-24
1.91030e-24
1.90498e-24
1.89968e-24
1.89439e-24
1.88912e-24
1.88387e-24
1.87864e-24
1.87342e-24
1.86822e-24
1.86304e-24
1.85787e-24
1.85273e-24
1.84759e-24
1.84248e-24
1.83738e-24
1.83230e-24
1.82724e-24
1.82219e-24
1.81716e-24
1.81215e-24
1.80715e-24
1.80217e-24
1.79720e-24
1.79226e-24
1.78732e-24
1.78241e-24
1.77751e-24
1.77262e-24
1.76776e-24
1.76290e-24
1.75807e-24
1.75325e-24
1.74844e-24
1.74365e-24
1.73888e-24
1.73412e-24
1.72938e-24
1.72465e-24
1.71994e-24
1.71525e-24
1.71057e-24
1.70590e-24
1.70125e-24
1.69661e-24
1.69199e-24
1.68739e-24
1.68280e-24
1.67822e-24
1.67366e-24
1.66912e-24
1.66458e-24
1.66007e-24
1.65556e-24
1.65108e-24
1.64660e-24
1.64214e-24
1.63770e-24
1.63327e-24
1.62885e-24
1.62445e-24
1.62006e-24
1.61569e-24
1.61133e-24
1.60699e-24
1.60265e-24
1.59834e-24
1.59403e-24
1.58974e-24
1.58546e-24
1.58120e-24
1.57695e-24
1.57272e-24
1.56849e-24
1.56429e-24
1.56009e-24
1.55591e-24
1.55174e-24
1.54758e-24
1.54344e-24
1.53931e-24
1.53520e-24
1.53109e-24
1.52700e-24
1.52293e-24
1.51886e-24
1.51481e-24
1.51077e-24
1.50675e-24
1.50273e-24
1.49873e-24
1.49475e-24
1.49077e-24
1.48681e-24
1.48286e-24
1.47892e-24
1.47500e-24
1.47108e-24
1.46718e-24
1.46329e-24
1.45942e-24
1.45555e-24
1.45170e-24
1.44786e-24
1.44403e-24
1.44022e-24
1.43641e-24
1.43262e-24
1.42884e-24
1.42507e-24
1.42132e-24
1.41757e-24
1.41384e-24
1.41012e-24
1.40641e-24
1.40271e-24
1.39902e-24
1.39535e-24
1.39168e-24
1.38803e-24
1.38439e-24
1.38076e-24
1.37714e-24
1.37353e-24
1.36994e-24
1.36635e-24
1.36278e-24
1.35921e-24
1.35566e-24
1.35212e-24
1.34859e-24
1.34507e-24
1.34156e-24
1.33806e-24
1.33458e-24
1.33110e-24
1.32763e-24
1.32418e-24
1.32073e-24
1.31730e-24
1.31388e-24
1.31047e-24
1.30706e-24
1.30367e-24
1.30029e-24
1.29692e-24
1.29356e-24
1.29021e-24
1.28687e-24
1.28354e-24
1.28022e-24
1.27691e-24
1.27361e-24
1.27032e-24
1.26704e-24
1.26377e-24
1.26051e-24
1.25726e-24
1.25402e-24
1.25080e-24
1.24758e-24
1.24437e-24
1.24117e-24
1.23798e-24
1.23480e-24
1.23162e-24
1.22846e-24
1.22531e-24
1.22217e-24
1.21904e-24
1.21591e-24
1.21280e-24
1.20970e-24
1.20660e-24
1.20352e-24
1.20044e-24
1.19738e-24
1.19432e-24
1.19127e-24
1.18823e-24
1.18520e-24
1.18218e-24
1.17917e-24
1.17617e-24
1.17318e-24
1.17019e-24
1.16722e-24
1.16425e-24
1.16129e-24
1.15834e-24
1.15541e-24
1.15248e-24
1.14955e-24
1.14664e-24
1.14374e-24
1.14084e-24
1.13796e-24
1.13508e-24
1.13221e-24
1.12935e-24
1.12650e-24
1.12365e-24
1.12082e-24
1.11799e-24
1.11517e-24
1.11236e-24
1.10956e-24
1.10677e-24
1.10399e-24
1.10121e-24
1.09844e-24
1.09568e-24
1.09293e-24
1.09019e-24
1.08745e-24
1.08473e-24
1.08201e-24
1.07930e-24
1.07660e-24
1.07390e-24
1.07122e-24
1.06854e-24
1.06587e-24
1.06321e-24
1.06055e-24
1.05791e-24
1.05527e-24
1.05264e-24
1.05002e-24
1.04740e-24
1.04479e-24
1.04220e-24
1.03960e-24
1.03702e-24
1.03444e-24
1.03187e-24
1.02931e-24
1.02676e-24
1.02421e-24
1.02168e-24
1.01915e-24
1.01662e-24
1.01411e-24
1.01160e-24
1.00910e-24
1.00660e-24
1.00412e-24
1.00164e-24
9.99167e-25
9.96703e-25
9.94246e-25
9.91796e-25
9.89354e-25
9.86919e-25
9.84491e-25
9.82070e-25
9.79656e-25
9.77249e-25
9.74850e-25
9.72457e-25
9.70072e-25
9.67693e-25
9.65322e-25
9.62957e-25
9.60600e-25
9.58249e-25
9.55905e-25
9.53568e-25
9.51238e-25
9.48915e-25
9.46599e-25
9.44289e-25
9.41986e-25
9.39690e-25
9.37401e-25
9.35118e-25
9.32842e-25
9.30573e-25
9.28310e-25
9.26054e-25
9.23805e-25
9.21562e-25
9.19326e-25
9.17096e-25
9.14872e-25
9.12656e-25
9.10445e-25
9.08241e-25
9.06044e-25
9.03852e-25
9.01668e-25
8.99489e-25
8.97317e-25
8.95151e-25
8.92992e-25
8.90838e-25
8.88691e-25
8.86550e-25
8.84416e-25
8.82287e-25
8.80165e-25
8.78049e-25
8.75938e-25
8.73834e-25
8.71736e-25
8.69645e-25
8.67559e-25
8.65479e-25
8.63405e-25
8.61337e-25
8.59275e-25
8.57219e-25
8.55169e-25
8.53124e-25
8.51086e-25
8.49053e-25
8.47027e-25
8.45006e-25
8.42991e-25
8.40981e-25
8.38977e-25
8.36979e-25
8.34987e-25
8.33001e-25
8.31020e-25
8.29045e-25
8.27075e-25
8.25111e-25
8.23153e-25
8.21200e-25
8.19252e-25
8.17311e-25
8.15374e-25
8.13444e-25
8.11518e-25
8.09599e-25
8.07684e-25
8.05775e-25
8.03872e-25
8.01974e-25
8.00081e-25
7.98193e-25
7.96311e-25
7.94434e-25
7.92563e-25
7.90697e-25
7.88836e-25
7.86980e-25
7.85130e-25
7.83284e-25
7.81444e-25
7.79609e-25
7.77779e-25
7.75955e-25
7.74135e-25
7.72321e-25
7.70512e-25
7.68707e-25
7.66908e-25
7.65114e-25
7.63325e-25
7.61541e-25
7.59761e-25
7.57987e-25
7.56218e-25
7.54454e-25
7.52694e-25
7.50940e-25
7.49190e-25
7.47445e-25
7.45706e-25
7.43970e-25
7.42240e-25
7.40515e-25
7.38794e-25
7.37078e-25
7.35367e-25
7.33661e-25
7.31959e-25
7.30262e-25
7.28570e-25
7.26883e-25
7.25200e-25
7.23521e-25
7.21848e-25
7.20179e-25
7.18514e-25
7.16855e-25
7.15199e-25
7.13549e-25
7.11903e-25
7.10261e-25
7.08624e-25
7.06991e-25
7.05363e-25
7.03740e-25
7.02120e-25
7.00506e-25
6.98895e-25
6.97289e-25
6.95688e-25
6.94091e-25
6.92498e-25
6.90909e-25
6.89325e-25
6.87746e-25
6.86170e-25
6.84599e-25
6.83032e-25
6.81469e-25
6.79911e-25
6.78357e-25
6.76807e-25
6.75261e-25
6.73720e-25
6.72183e-25
6.70649e-25
6.69120e-25
6.67596e-25
6.66075e-25
6.64558e-25
6.63046e-25
6.61537e-25
6.60033e-25
6.58533e-25
6.57037e-25
6.55544e-25
6.54056e-25
6.52572e-25
6.51092e-25
6.49616e-25
6.48143e-25
6.46675e-25
6.45211e-25
6.43751e-25
6.42294e-25
6.40842e-25
6.39393e-25
6.37948e-25
6.36507e-25
6.35070e-25
6.33637e-25
6.32208e-25
6.30782e-25
6.29361e-25
6.27943e-25
6.26529e-25
6.25119e-25
6.23712e-25
6.22309e-25
6.20910e-25
6.19515e-25
6.18123e-25
6.16736e-25
6.15351e-25
6.13971e-25
6.12594e-25
6.11221e-25
6.09852e-25
6.08486e-25
6.07124e-25
6.05765e-25
6.04410e-25
6.03059e-25
6.01711e-25
6.00367e-25
5.99026e-25
5.97689e-25
5.96356e-25
5.95026e-25
5.93699e-25
5.92376e-25
5.91057e-25
5.89741e-25
5.88428e-25
5.87119e-25
5.85814e-25
5.84512e-25
5.83213e-25
5.81918e-25
5.80626e-25
5.79338e-25
5.78053e-25
5.76771e-25
5.75493e-25
5.74218e-25
5.72946e-25
5.71678e-25
5.70413e-25
5.69152e-25
5.67894e-25
5.66639e-25
5.65387e-25
5.64139e-25
5.62894e-25
5.61652e-25
5.60414e-25
5.59178e-25
5.57946e-25
5.56718e-25
5.55492e-25
5.54270e-25
5.53050e-25
5.51834e-25
5.50622e-25
5.49412e-25
5.48206e-25
5.47002e-25
5.45802e-25
5.44605e-25
5.43411e-25
5.42220e-25
5.41033e-25
5.39848e-25
5.38666e-25
5.37488e-25
5.36313e-25
5.35140e-25
5.33971e-25
5.32805e-25
5.31641e-25
5.30481e-25
5.29324e-25
5.28170e-25
5.27019e-25
5.25871e-25
5.24725e-25
5.23583e-25
5.22444e-25
5.21307e-25
5.20174e-25
5.19043e-25
5.17916e-25
5.16791e-25
5.15670e-25
5.14551e-25
5.13435e-25
5.12322e-25
5.11211e-25
5.10104e-25
5.09000e-25
5.07898e-25
5.06799e-25
5.05703e-25
5.04610e-25
5.03520e-25
5.02432e-25
5.01348e-25
5.00266e-25
4.99186e-25
4.98110e-25
4.97036e-25
4.95966e-25
4.94897e-25
4.93832e-25
4.92769e-25
4.91709e-25
4.90652e-25
4.89598e-25
4.88546e-25
4.87497e-25
4.86450e-25
4.85407e-25
4.84365e-25
4.83327e-25
4.82291e-25
4.81258e-25
4.80228e-25
4.79200e-25
4.78174e-25
4.77152e-25
4.76132e-25
4.75114e-25
4.74099e-25
4.73087e-25
4.72077e-25
4.71070e-25
4.70066e-25
4.69064e-25
4.68064e-25
4.67067e-25
4.66073e-25
4.65081e-25
4.64092e-25
4.63105e-25
4.62120e-25
4.61138e-25
4.60159e-25
4.59182e-25
4.58208e-25
4.57236e-25
4.56266e-25
4.55299e-25
4.54335e-25
4.53372e-25
4.52413e-25
4.51455e-25
4.50500e-25
4.49548e-25
4.48598e-25
4.47650e-25
4.46705e-25
4.45762e-25
4.44821e-25
4.43883e-25
4.42947e-25
4.42013e-25
4.41082e-25
4.40153e-25
4.39227e-25
4.38303e-25
4.37381e-25
4.36461e-25
4.35544e-25
4.34629e-25
4.33716e-25
4.32806e-25
4.31898e-25
4.30992e-25
4.30088e-25
4.29187e-25
4.28288e-25
4.27391e-25
4.26496e-25
4.25604e-25
4.24714e-25
4.23826e-25
4.22940e-25
4.22057e-25
4.21175e-25
4.20296e-25
4.19419e-25
4.18545e-25
4.17672e-25
4.16802e-25
4.15933e-25
4.15067e-25
4.14203e-25
4.13342e-25
4.12482e-25
4.11624e-25
4.10769e-25
4.09916e-25
4.09064e-25
4.08215e-25
4.07368e-25
4.06523e-25
4.05681e-25
4.04840e-25
4.04001e-25
4.03165e-25
4.02330e-25
4.01497e-25
4.00667e-25
3.99839e-25
3.99012e-25
3.98188e-25
3.97366e-25
3.96545e-25
3.95727e-25
3.94911e-25
3.94097e-25
3.93285e-25
3.92474e-25
3.91666e-25
3.90860e-25
3.90055e-25
3.89253e-25
3.88453e-25
3.87654e-25
3.86858e-25
3.86063e-25
3.85271e-25
3.84480e-25
3.83692e-25
3.82905e-25
3.82120e-25
3.81337e-25
3.80556e-25
3.79777e-25
3.79000e-25
3.78224e-25
3.77451e-25
3.76679e-25
3.75910e-25
3.75142e-25
3.74376e-25
3.73612e-25
3.72850e-25
3.72089e-25
3.71331e-25
3.70574e-25
3.69819e-25
3.69066e-25
3.68315e-25
3.67566e-25
3.66818e-25
3.66072e-25
3.65328e-25
3.64586e-25
3.63846e-25
3.63107e-25
3.62370e-25
3.61635e-25
3.60902e-25
3.60171e-25
3.59441e-25
3.58713e-25
3.57987e-25
3.57262e-25
3.56540e-25
3.55819e-25
3.55099e-25
3.54382e-25
3.53666e-25
3.52952e-25
3.52240e-25
3.51529e-25
3.50820e-25
3.50113e-25
3.49407e-25
3.48704e-25
3.48001e-25
3.47301e-25
3.46602e-25
3.45905e-25
3.45210e-25
3.44516e-25
3.43824e-25
3.43133e-25
3.42444e-25
3.41757e-25
3.41071e-25
3.40388e-25
3.39705e-25
3.39025e-25
3.38346e-25
3.37668e-25
3.36992e-25
3.36318e-25
3.35645e-25
3.34974e-25
3.34305e-25
3.33637e-25
3.32971e-25
3.32306e-25
3.31643e-25
3.30982e-25
3.30322e-25
3.29663e-25
3.29007e-25
3.28351e-25
3.27698e-25
3.27046e-25
3.26395e-25
3.25746e-25
3.25098e-25
3.24452e-25
3.23808e-25
3.23165e-25
3.22523e-25
3.21884e-25
3.21245e-25
3.20608e-25
3.19973e-25
3.19339e-25
3.18706e-25
3.18076e-25
3.17446e-25
3.16818e-25
3.16192e-25
3.15567e-25
3.14943e-25
3.14321e-25
3.13700e-25
3.13081e-25
3.12464e-25
3.11847e-25
3.11232e-25
3.10619e-25
3.10007e-25
3.09397e-25
3.08788e-25
3.08180e-25
3.07574e-25
3.06969e-25
3.06366e-25
3.05764e-25
3.05163e-25
3.04564e-25
3.03966e-25
3.03370e-25
3.02775e-25
3.02181e-25
3.01589e-25
3.00998e-25
3.00409e-25
2.99821e-25
2.99234e-25
2.98649e-25
2.98065e-25
2.97482e-25
2.96901e-25
2.96321e-25
2.95742e-25
2.95165e-25
2.94589e-25
2.94015e-25
2.93441e-25
2.92870e-25
2.92299e-25
2.91730e-25
2.91162e-25
2.90595e-25
2.90030e-25
2.89466e-25
2.88903e-25
2.88342e-25
2.87782e-25
2.87223e-25
2.86666e-25
2.86109e-25
2.85554e-25
2.85001e-25
2.84448e-25
2.83897e-25
2.83348e-25
2.82799e-25
2.82252e-25
2.81706e-25
2.81161e-25
2.80617e-25
2.80075e-25
2.79534e-25
2.78994e-25
2.78456e-25
2.77918e-25
2.77382e-25
2.76848e-25
2.76314e-25
2.75782e-25
2.75250e-25
2.74720e-25
2.74192e-25
2.73664e-25
2.73138e-25
2.72613e-25
2.72089e-25
2.71566e-25
2.71045e-25
2.70524e-25
2.70005e-25
2.69487e-25
2.68970e-25
2.68455e-25
2.67940e-25
2.67427e-25
2.66915e-25
2.66404e-25
2.65895e-25
2.65386e-25
2.64879e-25
2.64372e-25
2.63867e-25
2.63363e-25
2.62860e-25
2.62359e-25
2.61858e-25
2.61359e-25
2.60860e-25
2.60363e-25
2.59867e-25
2.59372e-25
2.58879e-25
2.58386e-25
2.57895e-25
2.57404e-25
2.56915e-25
2.56427e-25
2.55939e-25
2.55453e-25
2.54969e-25
2.54485e-25
2.54002e-25
2.53520e-25
2.53040e-25
2.52560e-25
2.52082e-25
2.51605e-25
2.51129e-25
2.50653e-25
2.50179e-25
2.49706e-25
2.49234e-25
2.48764e-25
2.48294e-25
2.47825e-25
2.47357e-25
2.46891e-25
2.46425e-25
2.45960e-25
2.45497e-25
2.45034e-25
2.44573e-25
2.44113e-25
2.43653e-25
2.43195e-25
2.42738e-25
2.42281e-25
2.41826e-25
2.41372e-25
2.40918e-25
2.40466e-25
2.40015e-25
2.39565e-25
2.39116e-25
2.38667e-25
2.38220e-25
2.37774e-25
2.37329e-25
2.36884e-25
2.36441e-25
2.35999e-25
2.35558e-25
2.35117e-25
2.34678e-25
2.34240e-25
2.33802e-25
2.33366e-25
2.32931e-25
2.32496e-25
2.32063e-25
2.31630e-25
2.31199e-25
2.30768e-25
2.30338e-25
2.29910e-25
2.29482e-25
2.29055e-25
2.28629e-25
2.28204e-25
2.27780e-25
2.27357e-25
2.26935e-25
2.26514e-25
2.26094e-25
2.25675e-25
2.25256e-25
2.24839e-25
2.24422e-25
2.24007e-25
2.23592e-25
2.23178e-25
2.22765e-25
2.22353e-25
2.21942e-25
2.21532e-25
2.21123e-25
2.20714e-25
2.20307e-25
2.19900e-25
2.19495e-25
2.19090e-25
2.18686e-25
2.18283e-25
2.17881e-25
2.17480e-25
2.17079e-25
2.16680e-25
2.16281e-25
2.15884e-25
2.15487e-25
2.15091e-25
2.14696e-25
2.14301e-25
2.13908e-25
2.13515e-25
2.13124e-25
2.12733e-25
2.12343e-25
2.11954e-25
2.11565e-25
2.11178e-25
2.10791e-25
2.10406e-25
2.10021e-25
2.09637e-25
2.09253e-25
2.08871e-25
2.08489e-25
2.08109e-25
2.07729e-25
2.07350e-25
2.06971e-25
2.06594e-25
2.06217e-25
2.05842e-25
2.05467e-25
2.05092e-25
2.04719e-25
2.04347e-25
2.03975e-25
2.03604e-25
2.03234e-25
2.02864e-25
2.02496e-25
2.02128e-25
2.01761e-25
2.01395e-25
2.01030e-25
2.00665e-25
2.00301e-25
1.99938e-25
1.99576e-25
1.99214e-25
1.98854e-25
1.98494e-25
1.98135e-25
1.97776e-25
1.97419e-25
1.97062e-25
1.96706e-25
1.96351e-25
1.95996e-25
1.95643e-25
1.95290e-25
1.94937e-25
1.94586e-25
1.94235e-25
1.93885e-25
1.93536e-25
1.93187e-25
1.92840e-25
1.92493e-25
1.92147e-25
1.91801e-25
1.91456e-25
1.91112e-25
1.90769e-25
1.90426e-25
1.90085e-25
1.89744e-25
1.89403e-25
1.89064e-25
1.88725e-25
1.88386e-25
1.88049e-25
1.87712e-25
1.87376e-25
1.87041e-25
1.86706e-25
1.86372e-25
1.86039e-25
1.85707e-25
1.85375e-25
1.85044e-25
1.84714e-25
1.84384e-25
1.84055e-25
1.83727e-25
1.83399e-25
1.83072e-25
1.82746e-25
1.82421e-25
1.82096e-25
1.81772e-25
1.81448e-25
1.81126e-25
1.80804e-25
1.80482e-25
1.80161e-25
1.79841e-25
1.79522e-25
1.79203e-25
1.78885e-25
1.78568e-25
1.78251e-25
1.77935e-25
1.77620e-25
1.77305e-25
1.76992e-25
1.76678e-25
1.76365e-25
1.76053e-25
1.75742e-25
1.75431e-25
1.75121e-25
1.74812e-25
1.74503e-25
1.74195e-25
1.73888e-25
1.73581e-25
1.73275e-25
1.72969e-25
1.72664e-25
1.72360e-25
1.72056e-25
1.71753e-25
1.71451e-25
1.71149e-25
1.70848e-25
1.70548e-25
1.70248e-25
1.69949e-25
1.69650e-25
1.69352e-25
1.69055e-25
1.68758e-25
1.68462e-25
1.68167e-25
1.67872e-25
1.67578e-25
1.67284e-25
1.66991e-25
1.66699e-25
1.66407e-25
1.66116e-25
1.65825e-25
1.65535e-25
1.65246e-25
1.64957e-25
1.64669e-25
1.64381e-25
1.64094e-25
1.63808e-25
1.63522e-25
1.63237e-25
1.62952e-25
1.62668e-25
1.62385e-25
1.62102e-25
1.61820e-25
1.61538e-25
1.61257e-25
1.60976e-25
1.60697e-25
1.60417e-25
1.60138e-25
1.59860e-25
1.59583e-25
1.59306e-25
1.59029e-25
1.58753e-25
1.58478e-25
1.58203e-25
1.57929e-25
1.57655e-25
1.57382e-25
1.57110e-25
1.56838e-25
1.56566e-25
1.56295e-25
1.56025e-25
1.55755e-25
1.55486e-25
1.55217e-25
1.54949e-25
1.54682e-25
1.54415e-25
1.54148e-25
1.53883e-25
1.53617e-25
1.53352e-25
1.53088e-25
1.52824e-25
1.52561e-25
1.52299e-25
1.52037e-25
1.51775e-25
1.51514e-25
1.51253e-25
1.50993e-25
1.50734e-25
1.50475e-25
1.50217e-25
1.49959e-25
1.49701e-25
1.49445e-25
1.49188e-25
1.48933e-25
1.48677e-25
1.48423e-25
1.48168e-25
1.47915e-25
1.47662e-25
1.47409e-25
1.47157e-25
1.46905e-25
1.46654e-25
1.46403e-25
1.46153e-25
1.45904e-25
1.45655e-25
1.45406e-25
1.45158e-25
1.44910e-25
1.44663e-25
1.44417e-25
1.44170e-25
1.43925e-25
1.43680e-25
1.43435e-25
1.43191e-25
1.42947e-25
1.42704e-25
1.42462e-25
1.42220e-25
1.41978e-25
1.41737e-25
1.41496e-25
1.41256e-25
1.41016e-25
1.40777e-25
1.40538e-25
1.40300e-25
1.40062e-25
1.39825e-25
1.39588e-25
1.39351e-25
1.39116e-25
1.38880e-25
1.38645e-25
1.38411e-25
1.38177e-25
1.37943e-25
1.37710e-25
1.37477e-25
1.37245e-25
1.37014e-25
1.36782e-25
1.36552e-25
1.36321e-25
1.36092e-25
1.35862e-25
1.35633e-25
1.35405e-25
1.35177e-25
1.34949e-25
1.34722e-25
1.34495e-25
1.34269e-25
1.34044e-25
1.33818e-25
1.33593e-25
1.33369e-25
1.33145e-25
1.32922e-25
1.32699e-25
1.32476e-25
1.32254e-25
1.32032e-25
1.31811e-25
1.31590e-25
1.31369e-25
1.31149e-25
1.30930e-25
1.30711e-25
1.30492e-25
1.30274e-25
1.30056e-25
1.29839e-25
1.29622e-25
1.29405e-25
1.29189e-25
1.28974e-25
1.28758e-25
1.28544e-25
1.28329e-25
1.28115e-25
1.27902e-25
1.27689e-25
1.27476e-25
1.27264e-25
1.27052e-25
1.26840e-25
1.26629e-25
1.26419e-25
1.26208e-25
1.25999e-25
1.25789e-25
1.25580e-25
1.25372e-25
1.25164e-25
1.24956e-25
1.24749e-25
1.24542e-25
1.24335e-25
1.24129e-25
1.23924e-25
1.23718e-25
1.23513e-25
1.23309e-25
1.23105e-25
1.22901e-25
1.22698e-25
1.22495e-25
1.22293e-25
1.22090e-25
1.21889e-25
1.21687e-25
1.21487e-25
1.21286e-25
1.21086e-25
1.20886e-25
1.20687e-25
1.20488e-25
1.20289e-25
1.20091e-25
1.19894e-25
1.19696e-25
1.19499e-25
1.19303e-25
1.19106e-25
1.18910e-25
1.18715e-25
1.18520e-25
1.18325e-25
1.18131e-25
1.17937e-25
1.17743e-25
1.17550e-25
1.17357e-25
1.17165e-25
1.16973e-25
1.16781e-25
1.16590e-25
1.16399e-25
1.16208e-25
1.16018e-25
1.15828e-25
1.15639e-25
1.15450e-25
1.15261e-25
1.15072e-25
1.14884e-25
1.14697e-25
1.14510e-25
1.14323e-25
1.14136e-25
1.13950e-25
1.13764e-25
1.13579e-25
1.13393e-25
1.13209e-25
1.13024e-25
1.12840e-25
1.12657e-25
1.12473e-25
1.12290e-25
1.12108e-25
1.11925e-25
1.11743e-25
1.11562e-25
1.11381e-25
1.11200e-25
1.11019e-25
1.10839e-25
1.10659e-25
1.10480e-25
1.10301e-25
1.10122e-25
1.09943e-25
1.09765e-25
1.09587e-25
1.09410e-25
1.09233e-25
1.09056e-25
1.08880e-25
1.08704e-25
1.08528e-25
1.08353e-25
1.08178e-25
1.08003e-25
1.07828e-25
1.07654e-25
1.07481e-25
1.07307e-25
1.07134e-25
1.06961e-25
1.06789e-25
1.06617e-25
1.06445e-25
1.06274e-25
1.06103e-25
1.05932e-25
1.05762e-25
1.05592e-25
1.05422e-25
1.05252e-25
1.05083e-25
1.04914e-25
1.04746e-25
1.04578e-25
1.04410e-25
1.04242e-25
1.04075e-25
1.03908e-25
1.03742e-25
1.03576e-25
1.03410e-25
1.03244e-25
1.03079e-25
1.02914e-25
1.02749e-25
1.02585e-25
1.02421e-25
1.02257e-25
1.02093e-25
1.01930e-25
1.01767e-25
1.01605e-25
1.01443e-25
1.01281e-25
1.01119e-25
1.00958e-25
1.00797e-25
1.00636e-25
1.00476e-25
1.00316e-25
1.00156e-25
9.99968e-26
9.98377e-26
9.96789e-26
9.95203e-26
9.93621e-26
9.92041e-26
9.90465e-26
9.88891e-26
9.87321e-26
9.85753e-26
9.84188e-26
9.82627e-26
9.81068e-26
9.79512e-26
9.77959e-26
9.76409e-26
9.74862e-26
9.73318e-26
9.71777e-26
9.70239e-26
9.68703e-26
9.67171e-26
9.65641e-26
9.64114e-26
9.62590e-26
9.61069e-26
9.59551e-26
9.58036e-26
9.56523e-26
9.55014e-26
9.53507e-26
9.52003e-26
9.50502e-26
9.49003e-26
9.47508e-26
9.46015e-26
9.44525e-26
9.43038e-26
9.41553e-26
9.40072e-26
9.38593e-26
9.37117e-26
9.35643e-26
9.34173e-26
9.32705e-26
9.31240e-26
9.29777e-26
9.28318e-26
9.26861e-26
9.25407e-26
9.23955e-26
9.22506e-26
9.21060e-26
9.19617e-26
9.18176e-26
9.16738e-26
9.15303e-26
9.13870e-26
9.12440e-26
9.11013e-26
9.09588e-26
9.08166e-26
9.06746e-26
9.05330e-26
9.03916e-26
9.02504e-26
9.01095e-26
8.99689e-26
8.98285e-26
8.96884e-26
8.95486e-26
8.94090e-26
8.92696e-26
8.91306e-26
8.89918e-26
8.88532e-26
8.87149e-26
8.85768e-26
8.84391e-26
8.83015e-26
8.81642e-26
8.80272e-26
8.78904e-26
8.77539e-26
8.76176e-26
8.74816e-26
8.73459e-26
8.72103e-26
8.70751e-26
8.69401e-26
8.68053e-26
8.66708e-26
8.65365e-26
8.64025e-26
8.62687e-26
8.61352e-26
8.60019e-26
8.58688e-26
8.57360e-26
8.56035e-26
8.54712e-26
8.53391e-26
8.52073e-26
8.50757e-26
8.49444e-26
8.48133e-26
8.46824e-26
8.45518e-26
8.44214e-26
8.42913e-26
8.41614e-26
8.40317e-26
8.39023e-26
8.37731e-26
8.36441e-26
8.35154e-26
8.33870e-26
8.32587e-26
8.31307e-26
8.30029e-26
8.28754e-26
8.27481e-26
8.26210e-26
8.24941e-26
8.23675e-26
8.22412e-26
8.21150e-26
8.19891e-26
8.18634e-26
8.17379e-26
8.16127e-26
8.14877e-26
8.13629e-26
8.12384e-26
8.11140e-26
8.09899e-26
8.08661e-26
8.07424e-26
8.06190e-26
8.04958e-26
8.03728e-26
8.02501e-26
8.01275e-26
8.00052e-26
7.98832e-26
7.97613e-26
7.96396e-26
7.95182e-26
7.93970e-26
7.92760e-26
7.91553e-26
7.90347e-26
7.89144e-26
7.87943e-26
7.86744e-26
7.85548e-26
7.84353e-26
7.83161e-26
7.81970e-26
7.80782e-26
7.79596e-26
7.78413e-26
7.77231e-26
7.76052e-26
7.74874e-26
7.73699e-26
7.72526e-26
7.71355e-26
7.70186e-26
7.69019e-26
7.67854e-26
7.66692e-26
7.65531e-26
7.64373e-26
7.63216e-26
7.62062e-26
7.60910e-26
7.59760e-26
7.58612e-26
7.57466e-26
7.56322e-26
7.55180e-26
7.54040e-26
7.52903e-26
7.51767e-26
7.50633e-26
7.49502e-26
7.48372e-26
7.47244e-26
7.46119e-26
7.44995e-26
7.43874e-26
7.42754e-26
7.41637e-26
7.40521e-26
7.39408e-26
7.38296e-26
7.37187e-26
7.36079e-26
7.34973e-26
7.33870e-26
7.32768e-26
7.31669e-26
7.30571e-26
7.29475e-26
7.28381e-26
7.27290e-26
7.26200e-26
7.25112e-26
7.24026e-26
7.22942e-26
7.21860e-26
7.20779e-26
7.19701e-26
7.18625e-26
7.17550e-26
7.16478e-26
7.15407e-26
7.14338e-26
7.13272e-26
7.12207e-26
7.11144e-26
7.10082e-26
7.09023e-26
7.07966e-26
7.06910e-26
7.05857e-26
7.04805e-26
7.03755e-26
7.02707e-26
7.01661e-26
7.00617e-26
6.99574e-26
6.98533e-26
6.97495e-26
6.96458e-26
6.95423e-26
6.94389e-26
6.93358e-26
6.92328e-26
6.91300e-26
6.90274e-26
6.89250e-26
6.88228e-26
6.87207e-26
6.86189e-26
6.85172e-26
6.84156e-26
6.83143e-26
6.82132e-26
6.81122e-26
6.80114e-26
6.79107e-26
6.78103e-26
6.77100e-26
6.76099e-26
6.75100e-26
6.74103e-26
6.73107e-26
6.72113e-26
6.71121e-26
6.70130e-26
6.69142e-26
6.68155e-26
6.67170e-26
6.66186e-26
6.65204e-26
6.64224e-26
6.63246e-26
6.62269e-26
6.61294e-26
6.60321e-26
6.59350e-26
6.58380e-26
6.57412e-26
6.56446e-26
6.55481e-26
6.54518e-26
6.53557e-26
6.52597e-26
6.51639e-26
6.50683e-26
6.49728e-26
6.48775e-26
6.47824e-26
6.46874e-26
6.45926e-26
6.44980e-26
6.44035e-26
6.43092e-26
6.42151e-26
6.41211e-26
6.40273e-26
6.39336e-26
6.38402e-26
6.37468e-26
6.36537e-26
6.35607e-26
6.34679e-26
6.33752e-26
6.32827e-26
6.31903e-26
6.30981e-26
6.30061e-26
6.29142e-26
6.28225e-26
6.27310e-26
6.26396e-26
6.25483e-26
6.24573e-26
6.23663e-26
6.22756e-26
6.21850e-26
6.20945e-26
6.20042e-26
6.19141e-26
6.18241e-26
6.17343e-26
6.16446e-26
6.15551e-26
6.14658e-26
6.13766e-26
6.12875e-26
6.11986e-26
6.11099e-26
6.10213e-26
6.09329e-26
6.08446e-26
6.07565e-26
6.06685e-26
6.05807e-26
6.04930e-26
6.04055e-26
6.03181e-26
6.02309e-26
6.01438e-26
6.00569e-26
5.99701e-26
5.98835e-26
5.97970e-26
5.97107e-26
5.96245e-26
5.95385e-26
5.94526e-26
5.93669e-26
5.92813e-26
5.91958e-26
5.91105e-26
5.90254e-26
5.89404e-26
5.88555e-26
5.87708e-26
5.86863e-26
5.86018e-26
5.85176e-26
5.84334e-26
5.83495e-26
5.82656e-26
5.81819e-26
5.80984e-26
5.80149e-26
5.79317e-26
5.78485e-26
5.77656e-26
5.76827e-26
5.76000e-26
5.75175e-26
5.74350e-26
5.73528e-26
5.72706e-26
5.71886e-26
5.71068e-26
5.70250e-26
5.69435e-26
5.68620e-26
5.67807e-26
5.66995e-26
5.66185e-26
5.65376e-26
5.64569e-26
5.63763e-26
5.62958e-26
5.62155e-26
5.61352e-26
5.60552e-26
5.59752e-26
5.58955e-26
5.58158e-26
5.57363e-26
5.56569e-26
5.55776e-26
5.54985e-26
5.54195e-26
5.53407e-26
5.52619e-26
5.51834e-26
5.51049e-26
5.50266e-26
5.49484e-26
5.48703e-26
5.47924e-26
5.47146e-26
5.46370e-26
5.45594e-26
5.44820e-26
5.44048e-26
5.43276e-26
5.42506e-26
5.41738e-26
5.40970e-26
5.40204e-26
5.39439e-26
5.38675e-26
5.37913e-26
5.37152e-26
5.36392e-26
5.35634e-26
5.34877e-26
5.34121e-26
5.33366e-26
5.32613e-26
5.31861e-26
5.31110e-26
5.30360e-26
5.29612e-26
5.28865e-26
5.28119e-26
5.27375e-26
5.26631e-26
5.25889e-26
5.25149e-26
5.24409e-26
5.23671e-26
5.22934e-26
5.22198e-26
5.21463e-26
5.20730e-26
5.19998e-26
5.19267e-26
5.18537e-26
5.17808e-26
5.17081e-26
5.16355e-26
5.15630e-26
5.14907e-26
5.14184e-26
5.13463e-26
5.12743e-26
5.12024e-26
5.11307e-26
5.10590e-26
5.09875e-26
5.09161e-26
5.08448e-26
5.07737e-26
5.07026e-26
5.06317e-26
5.05609e-26
5.04902e-26
5.04196e-26
5.03492e-26
5.02788e-26
5.02086e-26
5.01385e-26
5.00685e-26
4.99986e-26
4.99289e-26
4.98592e-26
4.97897e-26
4.97203e-26
4.96510e-26
4.95818e-26
4.95128e-26
4.94438e-26
4.93750e-26
4.93062e-26
4.92376e-26
4.91691e-26
4.91008e-26
4.90325e-26
4.89643e-26
4.88963e-26
4.88284e-26
4.87606e-26
4.86928e-26
4.86253e-26
4.85578e-26
4.84904e-26
4.84231e-26
4.83560e-26
4.82890e-26
4.82220e-26
4.81552e-26
4.80885e-26
4.80219e-26
4.79554e-26
4.78891e-26
4.78228e-26
4.77566e-26
4.76906e-26
4.76246e-26
4.75588e-26
4.74931e-26
4.74275e-26
4.73620e-26
4.72966e-26
4.72313e-26
4.71661e-26
4.71010e-26
4.70360e-26
4.69712e-26
4.69064e-26
4.68418e-26
4.67772e-26
4.67128e-26
4.66484e-26
4.65842e-26
4.65201e-26
4.64561e-26
4.63922e-26
4.63283e-26
4.62646e-26
4.62010e-26
4.61375e-26
4.60741e-26
4.60109e-26
4.59477e-26
4.58846e-26
4.58216e-26
4.57587e-26
4.56960e-26
4.56333e-26
4.55707e-26
4.55082e-26
4.54459e-26
4.53836e-26
4.53215e-26
4.52594e-26
4.51974e-26
4.51356e-26
4.50738e-26
4.50122e-26
4.49506e-26
4.48891e-26
4.48278e-26
4.47665e-26
4.47054e-26
4.46443e-26
4.45834e-26
4.45225e-26
4.44617e-26
4.44011e-26
4.43405e-26
4.42800e-26
4.42197e-26
4.41594e-26
4.40992e-26
4.40391e-26
4.39792e-26
4.39193e-26
4.38595e-26
4.37998e-26
4.37402e-26
4.36807e-26
4.36213e-26
4.35620e-26
4.35028e-26
4.34437e-26
4.33847e-26
4.33258e-26
4.32670e-26
4.32082e-26
4.31496e-26
4.30911e-26
4.30326e-26
4.29743e-26
4.29160e-26
4.28578e-26
4.27998e-26
4.27418e-26
4.26839e-26
4.26261e-26
4.25684e-26
4.25108e-26
4.24533e-26
4.23959e-26
4.23386e-26
4.22813e-26
4.22242e-26
4.21671e-26
4.21102e-26
4.20533e-26
4.19965e-26
4.19398e-26
4.18833e-26
4.18267e-26
4.17703e-26
4.17140e-26
4.16578e-26
4.16016e-26
4.15456e-26
4.14896e-26
4.14338e-26
4.13780e-26
4.13223e-26
4.12667e-26
4.12112e-26
4.11557e-26
4.11004e-26
4.10451e-26
4.09900e-26
4.09349e-26
4.08799e-26
4.08250e-26
4.07702e-26
4.07155e-26
4.06608e-26
4.06063e-26
4.05518e-26
4.04975e-26
4.04432e-26
4.03890e-26
4.03348e-26
4.02808e-26
4.02269e-26
4.01730e-26
4.01192e-26
4.00656e-26
4.00120e-26
3.99584e-26
3.99050e-26
3.98517e-26
3.97984e-26
3.97452e-26
3.96921e-26
3.96391e-26
3.95862e-26
3.95334e-26
3.94806e-26
3.94279e-26
3.93753e-26
3.93228e-26
3.92704e-26
3.92181e-26
3.91658e-26
3.91136e-26
3.90615e-26
3.90095e-26
3.89576e-26
3.89058e-26
3.88540e-26
3.88023e-26
3.87507e-26
3.86992e-26
3.86477e-26
3.85964e-26
3.85451e-26
3.84939e-26
3.84428e-26
3.83918e-26
3.83408e-26
3.82899e-26
3.82391e-26
3.81884e-26
3.81378e-26
3.80872e-26
3.80368e-26
3.79864e-26
3.79361e-26
3.78858e-26
3.78357e-26
3.77856e-26
3.77356e-26
3.76857e-26
3.76358e-26
3.75861e-26
3.75364e-26
3.74868e-26
3.74372e-26
3.73878e-26
3.73384e-26
3.72891e-26
3.72399e-26
3.71907e-26
3.71417e-26
3.70927e-26
3.70438e-26
3.69949e-26
3.69462e-26
3.68975e-26
3.68489e-26
3.68003e-26
3.67519e-26
3.67035e-26
3.66552e-26
3.66070e-26
3.65588e-26
3.65107e-26
3.64627e-26
3.64148e-26
3.63669e-26
3.63192e-26
3.62714e-26
3.62238e-26
3.61763e-26
3.61288e-26
3.60814e-26
3.60340e-26
3.59868e-26
3.59396e-26
3.58925e-26
3.58454e-26
3.57984e-26
3.57515e-26
3.57047e-26
3.56580e-26
3.56113e-26
3.55647e-26
3.55181e-26
3.54717e-26
3.54253e-26
3.53790e-26
3.53327e-26
3.52865e-26
3.52404e-26
3.51944e-26
3.51485e-26
3.51026e-26
3.50567e-26
3.50110e-26
3.49653e-26
3.49197e-26
3.48742e-26
3.48287e-26
3.47833e-26
3.47380e-26
3.46927e-26
3.46475e-26
3.46024e-26
3.45574e-26
3.45124e-26
3.44675e-26
3.44227e-26
3.43779e-26
3.43332e-26
3.42885e-26
3.42440e-26
3.41995e-26
3.41551e-26
3.41107e-26
3.40664e-26
3.40222e-26
3.39780e-26
3.39339e-26
3.38899e-26
3.38460e-26
3.38021e-26
3.37583e-26
3.37145e-26
3.36708e-26
3.36272e-26
3.35837e-26
3.35402e-26
3.34968e-26
3.34534e-26
3.34102e-26
3.33669e-26
3.33238e-26
3.32807e-26
3.32377e-26
3.31947e-26
3.31519e-26
3.31090e-26
3.30663e-26
3.30236e-26
3.29810e-26
3.29384e-26
3.28959e-26
3.28535e-26
3.28111e-26
3.27688e-26
3.27266e-26
3.26844e-26
3.26423e-26
3.26002e-26
3.25583e-26
3.25163e-26
3.24745e-26
3.24327e-26
3.23910e-26
3.23493e-26
3.23077e-26
3.22662e-26
3.22247e-26
3.21833e-26
3.21420e-26
3.21007e-26
3.20595e-26
3.20183e-26
3.19772e-26
3.19362e-26
3.18952e-26
3.18543e-26
3.18134e-26
3.17727e-26
3.17319e-26
3.16913e-26
3.16507e-26
3.16101e-26
3.15697e-26
3.15292e-26
3.14889e-26
3.14486e-26
3.14084e-26
3.13682e-26
3.13281e-26
3.12880e-26
3.12480e-26
3.12081e-26
3.11682e-26
3.11284e-26
3.10887e-26
3.10490e-26
3.10093e-26
3.09698e-26
3.09303e-26
3.08908e-26
3.08514e-26
3.08121e-26
3.07728e-26
3.07336e-26
3.06944e-26
3.06553e-26
3.06163e-26
3.05773e-26
3.05384e-26
3.04995e-26
3.04607e-26
3.04220e-26
3.03833e-26
3.03447e-26
3.03061e-26
3.02676e-26
3.02291e-26
3.01907e-26
3.01524e-26
3.01141e-26
3.00759e-26
3.00377e-26
2.99996e-26
2.99616e-26
2.99236e-26
2.98856e-26
2.98477e-26
2.98099e-26
2.97722e-26
2.97344e-26
2.96968e-26
2.96592e-26
2.96216e-26
2.95842e-26
2.95467e-26
2.95093e-26
2.94720e-26
2.94348e-26
2.93976e-26
2.93604e-26
2.93233e-26
2.92863e-26
2.92493e-26
2.92123e-26
2.91755e-26
2.91386e-26
2.91019e-26
2.90652e-26
2.90285e-26
2.89919e-26
2.89554e-26
2.89189e-26
2.88824e-26
2.88460e-26
2.88097e-26
2.87734e-26
2.87372e-26
2.87010e-26
2.86649e-26
2.86289e-26
2.85929e-26
2.85569e-26
2.85210e-26
2.84852e-26
2.84494e-26
2.84136e-26
2.83779e-26
2.83423e-26
2.83067e-26
2.82712e-26
2.82357e-26
2.82003e-26
2.81649e-26
2.81296e-26
2.80943e-26
2.80591e-26
2.80239e-26
2.79888e-26
2.79538e-26
2.79188e-26
2.78838e-26
2.78489e-26
2.78141e-26
2.77793e-26
2.77445e-26
2.77098e-26
2.76752e-26
2.76406e-26
2.76060e-26
2.75715e-26
2.75371e-26
2.75027e-26
2.74684e-26
2.74341e-26
2.73998e-26
2.73657e-26
2.73315e-26
2.72974e-26
2.72634e-26
2.72294e-26
2.71955e-26
2.71616e-26
2.71277e-26
2.70940e-26
2.70602e-26
2.70265e-26
2.69929e-26
2.69593e-26
2.69258e-26
2.68923e-26
2.68588e-26
2.68254e-26
2.67921e-26
2.67588e-26
2.67256e-26
2.66924e-26
2.66592e-26
2.66261e-26
2.65931e-26
2.65601e-26
2.65271e-26
2.64942e-26
2.64614e-26
2.64285e-26
2.63958e-26
2.63631e-26
2.63304e-26
2.62978e-26
2.62652e-26
2.62327e-26
2.62002e-26
2.61678e-26
2.61354e-26
2.61031e-26
2.60708e-26
2.60386e-26
2.60064e-26
2.59742e-26
2.59421e-26
2.59101e-26
2.58781e-26
2.58461e-26
2.58142e-26
2.57824e-26
2.57506e-26
2.57188e-26
2.56871e-26
2.56554e-26
2.56238e-26
2.55922e-26
2.55606e-26
2.55291e-26
2.54977e-26
2.54663e-26
2.54349e-26
2.54036e-26
2.53724e-26
2.53411e-26
2.53100e-26
2.52788e-26
2.52478e-26
2.52167e-26
2.51857e-26
2.51548e-26
2.51239e-26
2.50930e-26
2.50622e-26
2.50315e-26
2.50007e-26
2.49701e-26
2.49394e-26
2.49088e-26
2.48783e-26
2.48478e-26
2.48173e-26
2.47869e-26
2.47565e-26
2.47262e-26
2.46959e-26
2.46657e-26
2.46355e-26
2.46054e-26
2.45753e-26
2.45452e-26
2.45152e-26
2.44852e-26
2.44553e-26
2.44254e-26
2.43955e-26
2.43657e-26
2.43360e-26
2.43063e-26
2.42766e-26
2.42470e-26
2.42174e-26
2.41878e-26
2.41583e-26
2.41289e-26
2.40995e-26
2.40701e-26
2.40407e-26
2.40115e-26
2.39822e-26
2.39530e-26
2.39238e-26
2.38947e-26
2.38656e-26
2.38366e-26
2.38076e-26
2.37786e-26
2.37497e-26
2.37209e-26
2.36920e-26
2.36632e-26
2.36345e-26
2.36058e-26
2.35771e-26
2.35485e-26
2.35199e-26
2.34914e-26
2.34629e-26
2.34344e-26
2.34060e-26
2.33776e-26
2.33493e-26
2.33210e-26
2.32927e-26
2.32645e-26
2.32364e-26
2.32082e-26
2.31801e-26
2.31521e-26
2.31241e-26
2.30961e-26
2.30682e-26
2.30403e-26
2.30124e-26
2.29846e-26
2.29568e-26
2.29291e-26
2.29014e-26
2.28737e-26
2.28461e-26
2.28185e-26
2.27910e-26
2.27635e-26
2.27360e-26
2.27086e-26
2.26812e-26
2.26539e-26
2.26266e-26
2.25993e-26
2.25721e-26
2.25449e-26
2.25178e-26
2.24907e-26
2.24636e-26
2.24366e-26
2.24096e-26
2.23826e-26
2.23557e-26
2.23288e-26
2.23020e-26
2.22752e-26
2.22484e-26
2.22217e-26
2.21950e-26
2.21684e-26
2.21418e-26
2.21152e-26
2.20887e-26
2.20622e-26
2.20357e-26
2.20093e-26
2.19829e-26
2.19565e-26
2.19302e-26
2.19040e-26
2.18777e-26
2.18515e-26
2.18254e-26
2.17992e-26
2.17732e-26
2.17471e-26
2.17211e-26
2.16951e-26
2.16692e-26
2.16433e-26
2.16174e-26
2.15916e-26
2.15658e-26
2.15400e-26
2.15143e-26
2.14886e-26
2.14630e-26
2.14374e-26
2.14118e-26
2.13862e-26
2.13607e-26
2.13353e-26
2.13098e-26
2.12844e-26
2.12591e-26
2.12338e-26
2.12085e-26
2.11832e-26
2.11580e-26
2.11328e-26
2.11077e-26
2.10826e-26
2.10575e-26
2.10324e-26
2.10074e-26
2.09825e-26
2.09575e-26
2.09326e-26
2.09078e-26
2.08829e-26
2.08581e-26
2.08334e-26
2.08087e-26
2.07840e-26
2.07593e-26
2.07347e-26
2.07101e-26
2.06855e-26
2.06610e-26
2.06365e-26
2.06121e-26
2.05877e-26
2.05633e-26
2.05390e-26
2.05146e-26
2.04904e-26
2.04661e-26
2.04419e-26
2.04177e-26
2.03936e-26
2.03695e-26
2.03454e-26
2.03214e-26
2.02974e-26
2.02734e-26
2.02494e-26
2.02255e-26
2.02017e-26
2.01778e-26
2.01540e-26
2.01302e-26
2.01065e-26
2.00828e-26
2.00591e-26
2.00355e-26
2.00119e-26
1.99883e-26
1.99647e-26
1.99412e-26
1.99178e-26
1.98943e-26
1.98709e-26
1.98475e-26
1.98242e-26
1.98009e-26
1.97776e-26
1.97543e-26
1.97311e-26
1.97079e-26
1.96848e-26
1.96617e-26
1.96386e-26
1.96155e-26
1.95925e-26
1.95695e-26
1.95465e-26
1.95236e-26
1.95007e-26
1.94778e-26
1.94550e-26
1.94322e-26
1.94094e-26
1.93867e-26
1.93640e-26
1.93413e-26
1.93187e-26
1.92961e-26
1.92735e-26
1.92509e-26
1.92284e-26
1.92059e-26
1.91835e-26
1.91611e-26
1.91387e-26
1.91163e-26
1.90940e-26
1.90717e-26
1.90494e-26
1.90271e-26
1.90049e-26
1.89828e-26
1.89606e-26
1.89385e-26
1.89164e-26
1.88944e-26
1.88723e-26
1.88503e-26
1.88284e-26
1.88064e-26
1.87845e-26
1.87627e-26
1.87408e-26
1.87190e-26
1.86972e-26
1.86755e-26
1.86537e-26
1.86320e-26
1.86104e-26
1.85887e-26
1.85671e-26
1.85456e-26
1.85240e-26
1.85025e-26
1.84810e-26
1.84596e-26
1.84381e-26
1.84167e-26
1.83954e-26
1.83740e-26
1.83527e-26
1.83314e-26
1.83102e-26
1.82890e-26
1.82678e-26
1.82466e-26
1.82255e-26
1.82044e-26
1.81833e-26
1.81622e-26
1.81412e-26
1.81202e-26
1.80993e-26
1.80783e-26
1.80574e-26
1.80366e-26
1.80157e-26
1.79949e-26
1.79741e-26
1.79533e-26
1.79326e-26
1.79119e-26
1.78912e-26
1.78706e-26
1.78500e-26
1.78294e-26
1.78088e-26
1.77883e-26
1.77678e-26
1.77473e-26
1.77268e-26
1.77064e-26
1.76860e-26
1.76656e-26
1.76453e-26
1.76250e-26
1.76047e-26
1.75844e-26
1.75642e-26
1.75440e-26
1.75238e-26
1.75037e-26
1.74836e-26
1.74635e-26
1.74434e-26
1.74234e-26
1.74034e-26
1.73834e-26
1.73634e-26
1.73435e-26
1.73236e-26
1.73037e-26
1.72839e-26
1.72640e-26
1.72443e-26
1.72245e-26
1.72047e-26
1.71850e-26
1.71653e-26
1.71457e-26
1.71261e-26
1.71064e-26
1.70869e-26
1.70673e-26
1.70478e-26
1.70283e-26
1.70088e-26
1.69894e-26
1.69699e-26
1.69505e-26
1.69312e-26
1.69118e-26
1.68925e-26
1.68732e-26
1.68540e-26
1.68347e-26
1.68155e-26
1.67963e-26
1.67772e-26
1.67580e-26
1.67389e-26
1.67198e-26
1.67008e-26
1.66817e-26
1.66627e-26
1.66437e-26
1.66248e-26
1.66059e-26
1.65870e-26
1.65681e-26
1.65492e-26
1.65304e-26
1.65116e-26
1.64928e-26
1.64741e-26
1.64553e-26
1.64366e-26
1.64180e-26
1.63993e-26
1.63807e-26
1.63621e-26
1.63435e-26
1.63250e-26
1.63064e-26
1.62879e-26
1.62694e-26
1.62510e-26
1.62326e-26
1.62142e-26
1.61958e-26
1.61774e-26
1.61591e-26
1.61408e-26
1.61225e-26
1.61043e-26
1.60860e-26
1.60678e-26
1.60496e-26
1.60315e-26
1.60134e-26
1.59952e-26
1.59772e-26
1.59591e-26
1.59411e-26
1.59231e-26
1.59051e-26
1.58871e-26
1.58692e-26
1.58512e-26
1.58334e-26
1.58155e-26
1.57976e-26
1.57798e-26
1.57620e-26
1.57443e-26
1.57265e-26
1.57088e-26
1.56911e-26
1.56734e-26
1.56557e-26
1.56381e-26
1.56205e-26
1.56029e-26
1.55854e-26
1.55678e-26
1.55503e-26
1.55328e-26
1.55154e-26
1.54979e-26
1.54805e-26
1.54631e-26
1.54457e-26
1.54284e-26
1.54110e-26
1.53937e-26
1.53764e-26
1.53592e-26
1.53420e-26
1.53247e-26
1.53075e-26
1.52904e-26
1.52732e-26
1.52561e-26
1.52390e-26
1.52219e-26
1.52049e-26
1.51878e-26
1.51708e-26
1.51539e-26
1.51369e-26
1.51199e-26
1.51030e-26
1.50861e-26
1.50693e-26
1.50524e-26
1.50356e-26
1.50188e-26
1.50020e-26
1.49852e-26
1.49685e-26
1.49518e-26
1.49351e-26
1.49184e-26
1.49017e-26
1.48851e-26
1.48685e-26
1.48519e-26
1.48353e-26
1.48188e-26
1.48023e-26
1.47858e-26
1.47693e-26
1.47528e-26
1.47364e-26
1.47200e-26
1.47036e-26
1.46872e-26
1.46709e-26
1.46546e-26
1.46383e-26
1.46220e-26
1.46057e-26
1.45895e-26
1.45732e-26
1.45570e-26
1.45409e-26
1.45247e-26
1.45086e-26
1.44925e-26
1.44764e-26
1.44603e-26
1.44443e-26
1.44282e-26
1.44122e-26
1.43962e-26
1.43803e-26
1.43643e-26
1.43484e-26
1.43325e-26
1.43166e-26
1.43008e-26
1.42849e-26
1.42691e-26
1.42533e-26
1.42375e-26
1.42218e-26
1.42060e-26
1.41903e-26
1.41746e-26
1.41589e-26
1.41433e-26
1.41276e-26
1.41120e-26
1.40964e-26
1.40809e-26
1.40653e-26
1.40498e-26
1.40343e-26
1.40188e-26
1.40033e-26
1.39878e-26
1.39724e-26
1.39570e-26
1.39416e-26
1.39262e-26
1.39109e-26
1.38956e-26
1.38803e-26
1.38650e-26
1.38497e-26
1.38344e-26
1.38192e-26
1.38040e-26
1.37888e-26
1.37736e-26
1.37585e-26
1.37433e-26
1.37282e-26
1.37131e-26
1.36981e-26
1.36830e-26
1.36680e-26
1.36530e-26
1.36380e-26
1.36230e-26
1.36080e-26
1.35931e-26
1.35782e-26
1.35633e-26
1.35484e-26
1.35335e-26
1.35187e-26
1.35039e-26
1.34891e-26
1.34743e-26
1.34595e-26
1.34448e-26
1.34301e-26
1.34154e-26
1.34007e-26
1.33860e-26
1.33713e-26
1.33567e-26
1.33421e-26
1.33275e-26
1.33129e-26
1.32984e-26
1.32838e-26
1.32693e-26
1.32548e-26
1.32404e-26
1.32259e-26
1.32114e-26
1.31970e-26
1.31826e-26
1.31682e-26
1.31539e-26
1.31395e-26
1.31252e-26
1.31109e-26
1.30966e-26
1.30823e-26
1.30680e-26
1.30538e-26
1.30396e-26
1.30254e-26
1.30112e-26
1.29970e-26
1.29829e-26
1.29688e-26
1.29546e-26
1.29405e-26
1.29265e-26
1.29124e-26
1.28984e-26
1.28844e-26
1.28704e-26
1.28564e-26
1.28424e-26
1.28285e-26
1.28145e-26
1.28006e-26
1.27867e-26
1.27728e-26
1.27590e-26
1.27451e-26
1.27313e-26
1.27175e-26
1.27037e-26
1.26899e-26
1.26762e-26
1.26624e-26
1.26487e-26
1.26350e-26
1.26213e-26
1.26077e-26
1.25940e-26
1.25804e-26
1.25668e-26
1.25532e-26
1.25396e-26
1.25261e-26
1.25125e-26
1.24990e-26
1.24855e-26
1.24720e-26
1.24585e-26
1.24450e-26
1.24316e-26
1.24182e-26
1.24048e-26
1.23914e-26
1.23780e-26
1.23647e-26
1.23513e-26
1.23380e-26
1.23247e-26
1.23114e-26
1.22981e-26
1.22849e-26
1.22716e-26
1.22584e-26
1.22452e-26
1.22320e-26
1.22189e-26
1.22057e-26
1.21926e-26
1.21795e-26
1.21664e-26
1.21533e-26
1.21402e-26
1.21271e-26
1.21141e-26
1.21011e-26
1.20881e-26
1.20751e-26
1.20621e-26
1.20492e-26
1.20362e-26
1.20233e-26
1.20104e-26
1.19975e-26
1.19847e-26
1.19718e-26
1.19590e-26
1.19461e-26
1.19333e-26
1.19205e-26
1.19078e-26
1.18950e-26
1.18823e-26
1.18695e-26
1.18568e-26
1.18441e-26
1.18315e-26
1.18188e-26
1.18062e-26
1.17935e-26
1.17809e-26
1.17683e-26
1.17557e-26
1.17432e-26
1.17306e-26
1.17181e-26
1.17056e-26
1.16931e-26
1.16806e-26
1.16681e-26
1.16556e-26
1.16432e-26
1.16308e-26
1.16184e-26
1.16060e-26
1.15936e-26
1.15812e-26
1.15689e-26
1.15566e-26
1.15442e-26
1.15319e-26
1.15197e-26
1.15074e-26
1.14951e-26
1.14829e-26
1.14707e-26
1.14585e-26
1.14463e-26
1.14341e-26
1.14219e-26
1.14098e-26
1.13977e-26
1.13855e-26
1.13734e-26
1.13614e-26
1.13493e-26
1.13372e-26
1.13252e-26
1.13132e-26
1.13012e-26
1.12892e-26
1.12772e-26
1.12652e-26
1.12533e-26
1.12413e-26
1.12294e-26
1.12175e-26
1.12056e-26
1.11937e-26
1.11819e-26
1.11700e-26
1.11582e-26
1.11464e-26
1.11346e-26
1.11228e-26
1.11110e-26
1.10993e-26
1.10875e-26
1.10758e-26
1.10641e-26
1.10524e-26
1.10407e-26
1.10290e-26
1.10174e-26
1.10057e-26
1.09941e-26
1.09825e-26
1.09709e-26
1.09593e-26
1.09477e-26
1.09362e-26
1.09246e-26
1.09131e-26
1.09016e-26
1.08901e-26
1.08786e-26
1.08672e-26
1.08557e-26
1.08443e-26
1.08328e-26
1.08214e-26
1.08100e-26
1.07987e-26
1.07873e-26
1.07759e-26
1.07646e-26
1.07533e-26
1.07419e-26
1.07306e-26
1.07194e-26
1.07081e-26
1.06968e-26
1.06856e-26
1.06744e-26
1.06631e-26
1.06519e-26
1.06408e-26
1.06296e-26
1.06184e-26
1.06073e-26
1.05961e-26
1.05850e-26
1.05739e-26
1.05628e-26
1.05518e-26
1.05407e-26
1.05296e-26
1.05186e-26
1.05076e-26
1.04966e-26
1.04856e-26
1.04746e-26
1.04636e-26
1.04527e-26
1.04417e-26
1.04308e-26
1.04199e-26
1.04090e-26
1.03981e-26
1.03872e-26
1.03764e-26
1.03655e-26
1.03547e-26
1.03439e-26
1.03331e-26
1.03223e-26
1.03115e-26
1.03007e-26
1.02900e-26
1.02792e-26
1.02685e-26
1.02578e-26
1.02471e-26
1.02364e-26
1.02257e-26
1.02151e-26
1.02044e-26
1.01938e-26
1.01831e-26
1.01725e-26
1.01619e-26
1.01514e-26
1.01408e-26
1.01302e-26
1.01197e-26
1.01091e-26
1.00986e-26
1.00881e-26
1.00776e-26
1.00671e-26
1.00567e-26
1.00462e-26
1.00358e-26
1.00254e-26
1.00149e-26
1.00045e-26
9.99414e-27
9.98376e-27
9.97340e-27
9.96304e-27
9.95270e-27
9.94237e-27
9.93206e-27
9.92175e-27
9.91146e-27
9.90119e-27
9.89092e-27
9.88067e-27
9.87043e-27
9.86020e-27
9.84998e-27
9.83978e-27
9.82959e-27
9.81941e-27
9.80925e-27
9.79909e-27
9.78895e-27
9.77882e-27
9.76871e-27
9.75860e-27
9.74851e-27
9.73843e-27
9.72837e-27
9.71831e-27
9.70827e-27
9.69824e-27
9.68822e-27
9.67821e-27
9.66822e-27
9.65824e-27
9.64827e-27
9.63831e-27
9.62836e-27
9.61843e-27
9.60851e-27
9.59860e-27
9.58870e-27
9.57882e-27
9.56894e-27
9.55908e-27
9.54923e-27
9.53939e-27
9.52957e-27
9.51976e-27
9.50995e-27
9.50016e-27
9.49039e-27
9.48062e-27
9.47086e-27
9.46112e-27
9.45139e-27
9.44167e-27
9.43196e-27
9.42227e-27
9.41259e-27
9.40291e-27
9.39325e-27
9.38360e-27
9.37397e-27
9.36434e-27
9.35473e-27
9.34512e-27
9.33553e-27
9.32596e-27
9.31639e-27
9.30683e-27
9.29729e-27
9.28775e-27
9.27823e-27
9.26872e-27
9.25922e-27
9.24974e-27
9.24026e-27
9.23080e-27
9.22134e-27
9.21190e-27
9.20247e-27
9.19305e-27
9.18365e-27
9.17425e-27
9.16487e-27
9.15549e-27
9.14613e-27
9.13678e-27
9.12744e-27
9.11811e-27
9.10879e-27
9.09949e-27
9.09019e-27
9.08091e-27
9.07164e-27
9.06238e-27
9.05313e-27
9.04389e-27
9.03466e-27
9.02544e-27
9.01624e-27
9.00704e-27
8.99786e-27
8.98868e-27
8.97952e-27
8.97037e-27
8.96123e-27
8.95210e-27
8.94298e-27
8.93388e-27
8.92478e-27
8.91570e-27
8.90662e-27
8.89756e-27
8.88851e-27
8.87946e-27
8.87043e-27
8.86141e-27
8.85240e-27
8.84340e-27
8.83442e-27
8.82544e-27
8.81647e-27
8.80752e-27
8.79857e-27
8.78964e-27
8.78072e-27
8.77180e-27
8.76290e-27
8.75401e-27
8.74513e-27
8.73626e-27
8.72740e-27
8.71855e-27
8.70971e-27
8.70088e-27
8.69206e-27
8.68326e-27
8.67446e-27
8.66567e-27
8.65690e-27
8.64813e-27
8.63938e-27
8.63063e-27
8.62190e-27
8.61318e-27
8.60446e-27
8.59576e-27
8.58707e-27
8.57839e-27
8.56971e-27
8.56105e-27
8.55240e-27
8.54376e-27
8.53513e-27
8.52651e-27
8.51790e-27
8.50930e-27
8.50071e-27
8.49213e-27
8.48356e-27
8.47500e-27
8.46645e-27
8.45792e-27
8.44939e-27
8.44087e-27
8.43236e-27
8.42386e-27
8.41537e-27
8.40689e-27
8.39843e-27
8.38997e-27
8.38152e-27
8.37308e-27
8.36465e-27
8.35624e-27
8.34783e-27
8.33943e-27
8.33104e-27
8.32266e-27
8.31430e-27
8.30594e-27
8.29759e-27
8.28925e-27
8.28092e-27
8.27260e-27
8.26429e-27
8.25599e-27
8.24770e-27
8.23943e-27
8.23116e-27
8.22290e-27
8.21464e-27
8.20640e-27
8.19817e-27
8.18995e-27
8.18174e-27
8.17354e-27
8.16535e-27
8.15716e-27
8.14899e-27
8.14083e-27
8.13267e-27
8.12453e-27
8.11640e-27
8.10827e-27
8.10016e-27
8.09205e-27
8.08395e-27
8.07587e-27
8.06779e-27
8.05972e-27
8.05167e-27
8.04362e-27
8.03558e-27
8.02755e-27
8.01953e-27
8.01152e-27
8.00352e-27
7.99552e-27
7.98754e-27
7.97957e-27
7.97161e-27
7.96365e-27
7.95571e-27
7.94777e-27
7.93984e-27
7.93193e-27
7.92402e-27
7.91612e-27
7.90823e-27
7.90035e-27
7.89248e-27
7.88462e-27
7.87677e-27
7.86892e-27
7.86109e-27
7.85326e-27
7.84545e-27
7.83764e-27
7.82985e-27
7.82206e-27
7.81428e-27
7.80651e-27
7.79875e-27
7.79100e-27
7.78325e-27
7.77552e-27
7.76779e-27
7.76008e-27
7.75237e-27
7.74468e-27
7.73699e-27
7.72931e-27
7.72164e-27
7.71398e-27
7.70632e-27
7.69868e-27
7.69104e-27
7.68342e-27
7.67580e-27
7.66819e-27
7.66059e-27
7.65300e-27
7.64542e-27
7.63785e-27
7.63029e-27
7.62273e-27
7.61518e-27
7.60765e-27
7.60012e-27
7.59260e-27
7.58509e-27
7.57759e-27
7.57009e-27
7.56261e-27
7.55513e-27
7.54766e-27
7.54020e-27
7.53275e-27
7.52531e-27
7.51788e-27
7.51046e-27
7.50304e-27
7.49563e-27
7.48824e-27
7.48085e-27
7.47347e-27
7.46609e-27
7.45873e-27
7.45137e-27
7.44403e-27
7.43669e-27
7.42936e-27
7.42204e-27
7.41472e-27
7.40742e-27
7.40012e-27
7.39284e-27
7.38556e-27
7.37829e-27
7.37103e-27
7.36377e-27
7.35653e-27
7.34929e-27
7.34206e-27
7.33484e-27
7.32763e-27
7.32043e-27
7.31323e-27
7.30604e-27
7.29887e-27
7.29170e-27
7.28453e-27
7.27738e-27
7.27024e-27
7.26310e-27
7.25597e-27
7.24885e-27
7.24174e-27
7.23463e-27
7.22754e-27
7.22045e-27
7.21337e-27
7.20630e-27
7.19924e-27
7.19218e-27
7.18513e-27
7.17809e-27
7.17106e-27
7.16404e-27
7.15703e-27
7.15002e-27
7.14302e-27
7.13603e-27
7.12905e-27
7.12208e-27
7.11511e-27
7.10815e-27
7.10120e-27
7.09426e-27
7.08733e-27
7.08040e-27
7.07348e-27
7.06657e-27
7.05967e-27
7.05278e-27
7.04589e-27
7.03901e-27
7.03214e-27
7.02528e-27
7.01842e-27
7.01158e-27
7.00474e-27
6.99791e-27
6.99108e-27
6.98427e-27
6.97746e-27
6.97066e-27
6.96387e-27
6.95708e-27
6.95031e-27
6.94354e-27
6.93678e-27
6.93003e-27
6.92328e-27
6.91654e-27
6.90981e-27
6.90309e-27
6.89638e-27
6.88967e-27
6.88297e-27
6.87628e-27
6.86959e-27
6.86292e-27
6.85625e-27
6.84959e-27
6.84294e-27
6.83629e-27
6.82965e-27
6.82302e-27
6.81640e-27
6.80978e-27
6.80318e-27
6.79658e-27
6.78998e-27
6.78340e-27
6.77682e-27
6.77025e-27
6.76369e-27
6.75713e-27
6.75058e-27
6.74404e-27
6.73751e-27
6.73099e-27
6.72447e-27
6.71796e-27
6.71146e-27
6.70496e-27
6.69847e-27
6.69199e-27
6.68552e-27
6.67905e-27
6.67259e-27
6.66614e-27
6.65970e-27
6.65326e-27
6.64683e-27
6.64041e-27
6.63400e-27
6.62759e-27
6.62119e-27
6.61480e-27
6.60841e-27
6.60203e-27
6.59566e-27
6.58930e-27
6.58294e-27
6.57659e-27
6.57025e-27
6.56392e-27
6.55759e-27
6.55127e-27
6.54495e-27
6.53865e-27
6.53235e-27
6.52606e-27
6.51977e-27
6.51349e-27
6.50722e-27
6.50096e-27
6.49470e-27
6.48846e-27
6.48221e-27
6.47598e-27
6.46975e-27
6.46353e-27
6.45732e-27
6.45111e-27
6.44491e-27
6.43872e-27
6.43253e-27
6.42635e-27
6.42018e-27
6.41402e-27
6.40786e-27
6.40171e-27
6.39556e-27
6.38943e-27
6.38330e-27
6.37717e-27
6.37106e-27
6.36495e-27
6.35884e-27
6.35275e-27
6.34666e-27
6.34058e-27
6.33450e-27
6.32844e-27
6.32238e-27
6.31632e-27
6.31027e-27
6.30423e-27
6.29820e-27
6.29217e-27
6.28615e-27
6.28014e-27
6.27413e-27
6.26813e-27
6.26214e-27
6.25615e-27
6.25017e-27
6.24420e-27
6.23823e-27
6.23227e-27
6.22632e-27
6.22037e-27
6.21443e-27
6.20850e-27
6.20258e-27
6.19666e-27
6.19074e-27
6.18484e-27
6.17894e-27
6.17305e-27
6.16716e-27
6.16128e-27
6.15541e-27
6.14954e-27
6.14368e-27
6.13783e-27
6.13198e-27
6.12614e-27
6.12031e-27
6.11448e-27
6.10866e-27
6.10284e-27
6.09704e-27
6.09124e-27
6.08544e-27
6.07965e-27
6.07387e-27
6.06810e-27
6.06233e-27
6.05657e-27
6.05081e-27
6.04506e-27
6.03932e-27
6.03358e-27
6.02785e-27
6.02213e-27
6.01641e-27
6.01070e-27
6.00500e-27
5.99930e-27
5.99361e-27
5.98792e-27
5.98224e-27
5.97657e-27
5.97090e-27
5.96524e-27
5.95959e-27
5.95394e-27
5.94830e-27
5.94267e-27
5.93704e-27
5.93142e-27
5.92580e-27
5.92019e-27
5.91459e-27
5.90899e-27
5.90340e-27
5.89782e-27
5.89224e-27
5.88667e-27
5.88110e-27
5.87554e-27
5.86999e-27
5.86444e-27
5.85890e-27
5.85336e-27
5.84783e-27
5.84231e-27
5.83679e-27
5.83128e-27
5.82578e-27
5.82028e-27
5.81479e-27
5.80930e-27
5.80382e-27
5.79835e-27
5.79288e-27
5.78742e-27
5.78196e-27
5.77652e-27
5.77107e-27
5.76563e-27
5.76020e-27
5.75478e-27
5.74936e-27
5.74394e-27
5.73854e-27
5.73314e-27
5.72774e-27
5.72235e-27
5.71697e-27
5.71159e-27
5.70622e-27
5.70085e-27
5.69549e-27
5.69014e-27
5.68479e-27
5.67945e-27
5.67411e-27
5.66878e-27
5.66346e-27
5.65814e-27
5.65283e-27
5.64752e-27
5.64222e-27
5.63693e-27
5.63164e-27
5.62636e-27
5.62108e-27
5.61581e-27
5.61054e-27
5.60528e-27
5.60003e-27
5.59478e-27
5.58954e-27
5.58430e-27
5.57907e-27
5.57384e-27
5.56863e-27
5.56341e-27
5.55820e-27
5.55300e-27
5.54781e-27
5.54262e-27
5.53743e-27
5.53225e-27
5.52708e-27
5.52191e-27
5.51675e-27
5.51159e-27
5.50644e-27
5.50130e-27
5.49616e-27
5.49102e-27
5.48590e-27
5.48077e-27
5.47566e-27
5.47054e-27
5.46544e-27
5.46034e-27
5.45524e-27
5.45016e-27
5.44507e-27
5.44000e-27
5.43492e-27
5.42986e-27
5.42480e-27
5.41974e-27
5.41469e-27
5.40965e-27
5.40461e-27
5.39957e-27
5.39455e-27
5.38953e-27
5.38451e-27
5.37950e-27
5.37449e-27
5.36949e-27
5.36450e-27
5.35951e-27
5.35452e-27
5.34955e-27
5.34457e-27
5.33961e-27
5.33464e-27
5.32969e-27
5.32474e-27
5.31979e-27
5.31485e-27
5.30991e-27
5.30499e-27
5.30006e-27
5.29514e-27
5.29023e-27
5.28532e-27
5.28042e-27
5.27552e-27
5.27063e-27
5.26574e-27
5.26086e-27
5.25599e-27
5.25112e-27
5.24625e-27
5.24139e-27
5.23654e-27
5.23169e-27
5.22684e-27
5.22200e-27
5.21717e-27
5.21234e-27
5.20752e-27
5.20270e-27
5.19789e-27
5.19308e-27
5.18828e-27
5.18348e-27
5.17869e-27
5.17390e-27
5.16912e-27
5.16435e-27
5.15958e-27
5.15481e-27
5.15005e-27
5.14529e-27
5.14054e-27
5.13580e-27
5.13106e-27
5.12633e-27
5.12160e-27
5.11687e-27
5.11215e-27
5.10744e-27
5.10273e-27
5.09803e-27
5.09333e-27
5.08863e-27
5.08395e-27
5.07926e-27
5.07458e-27
5.06991e-27
5.06524e-27
5.06058e-27
5.05592e-27
5.05127e-27
5.04662e-27
5.04198e-27
5.03734e-27
5.03271e-27
5.02808e-27
5.02345e-27
5.01884e-27
5.01422e-27
5.00962e-27
5.00501e-27
5.00042e-27
4.99582e-27
4.99123e-27
4.98665e-27
4.98207e-27
4.97750e-27
4.97293e-27
4.96837e-27
4.96381e-27
4.95926e-27
4.95471e-27
4.95016e-27
4.94563e-27
4.94109e-27
4.93656e-27
4.93204e-27
4.92752e-27
4.92301e-27
4.91850e-27
4.91399e-27
4.90949e-27
4.90500e-27
4.90051e-27
4.89602e-27
4.89154e-27
4.88707e-27
4.88260e-27
4.87813e-27
4.87367e-27
4.86921e-27
4.86476e-27
4.86031e-27
4.85587e-27
4.85143e-27
4.84700e-27
4.84257e-27
4.83815e-27
4.83373e-27
4.82932e-27
4.82491e-27
4.82051e-27
4.81611e-27
4.81171e-27
4.80732e-27
4.80294e-27
4.79856e-27
4.79418e-27
4.78981e-27
4.78545e-27
4.78109e-27
4.77673e-27
4.77238e-27
4.76803e-27
4.76369e-27
4.75935e-27
4.75501e-27
4.75069e-27
4.74636e-27
4.74204e-27
4.73773e-27
4.73342e-27
4.72911e-27
4.72481e-27
4.72051e-27
4.71622e-27
4.71193e-27
4.70765e-27
4.70337e-27
4.69910e-27
4.69483e-27
4.69057e-27
4.68631e-27
4.68205e-27
4.67780e-27
4.67355e-27
4.66931e-27
4.66507e-27
4.66084e-27
4.65661e-27
4.65239e-27
4.64817e-27
4.64396e-27
4.63975e-27
4.63554e-27
4.63134e-27
4.62714e-27
4.62295e-27
4.61876e-27
4.61458e-27
4.61040e-27
4.60623e-27
4.60206e-27
4.59789e-27
4.59373e-27
4.58957e-27
4.58542e-27
4.58127e-27
4.57713e-27
4.57299e-27
4.56886e-27
4.56473e-27
4.56060e-27
4.55648e-27
4.55236e-27
4.54825e-27
4.54414e-27
4.54004e-27
4.53594e-27
4.53184e-27
4.52775e-27
4.52366e-27
4.51958e-27
4.51550e-27
4.51143e-27
4.50736e-27
4.50330e-27
4.49924e-27
4.49518e-27
4.49113e-27
4.48708e-27
4.48304e-27
4.47900e-27
4.47496e-27
4.47093e-27
4.46691e-27
4.46288e-27
4.45887e-27
4.45485e-27
4.45084e-27
4.44684e-27
4.44284e-27
4.43884e-27
4.43485e-27
4.43086e-27
4.42688e-27
4.42290e-27
4.41892e-27
4.41495e-27
4.41098e-27
4.40702e-27
4.40306e-27
4.39911e-27
4.39516e-27
4.39121e-27
4.38727e-27
4.38333e-27
4.37940e-27
4.37547e-27
4.37154e-27
4.36762e-27
4.36371e-27
4.35979e-27
4.35588e-27
4.35198e-27
4.34808e-27
4.34418e-27
4.34029e-27
4.33640e-27
4.33252e-27
4.32864e-27
4.32476e-27
4.32089e-27
4.31702e-27
4.31316e-27
4.30930e-27
4.30544e-27
4.30159e-27
4.29774e-27
4.29390e-27
4.29006e-27
4.28622e-27
4.28239e-27
4.27857e-27
4.27474e-27
4.27092e-27
4.26711e-27
4.26330e-27
4.25949e-27
4.25569e-27
4.25189e-27
4.24809e-27
4.24430e-27
4.24051e-27
4.23673e-27
4.23295e-27
4.22917e-27
4.22540e-27
4.22163e-27
4.21787e-27
4.21411e-27
4.21036e-27
4.20660e-27
4.20286e-27
4.19911e-27
4.19537e-27
4.19164e-27
4.18790e-27
4.18418e-27
4.18045e-27
4.17673e-27
4.17301e-27
4.16930e-27
4.16559e-27
4.16189e-27
4.15819e-27
4.15449e-27
4.15080e-27
4.14711e-27
4.14342e-27
4.13974e-27
4.13606e-27
4.13239e-27
4.12872e-27
4.12505e-27
4.12139e-27
4.11773e-27
4.11407e-27
4.11042e-27
4.10677e-27
4.10313e-27
4.09949e-27
4.09585e-27
4.09222e-27
4.08859e-27
4.08497e-27
4.08135e-27
4.07773e-27
4.07412e-27
4.07051e-27
4.06690e-27
4.06330e-27
4.05970e-27
4.05611e-27
4.05252e-27
4.04893e-27
4.04535e-27
4.04177e-27
4.03819e-27
4.03462e-27
4.03105e-27
4.02749e-27
4.02392e-27
4.02037e-27
4.01681e-27
4.01326e-27
4.00972e-27
4.00617e-27
4.00264e-27
3.99910e-27
3.99557e-27
3.99204e-27
3.98852e-27
3.98500e-27
3.98148e-27
3.97796e-27
3.97446e-27
3.97095e-27
3.96745e-27
3.96395e-27
3.96045e-27
3.95696e-27
3.95347e-27
3.94999e-27
3.94651e-27
3.94303e-27
3.93956e-27
3.93609e-27
3.93262e-27
3.92916e-27
3.92570e-27
3.92224e-27
3.91879e-27
3.91534e-27
3.91190e-27
3.90846e-27
3.90502e-27
3.90158e-27
3.89815e-27
3.89473e-27
3.89130e-27
3.88788e-27
3.88447e-27
3.88105e-27
3.87764e-27
3.87424e-27
3.87083e-27
3.86743e-27
3.86404e-27
3.86065e-27
3.85726e-27
3.85387e-27
3.85049e-27
3.84711e-27
3.84374e-27
3.84037e-27
3.83700e-27
3.83364e-27
3.83028e-27
3.82692e-27
3.82356e-27
3.82021e-27
3.81687e-27
3.81352e-27
3.81018e-27
3.80685e-27
3.80351e-27
3.80018e-27
3.79686e-27
3.79353e-27
3.79022e-27
3.78690e-27
3.78359e-27
3.78028e-27
3.77697e-27
3.77367e-27
3.77037e-27
3.76707e-27
3.76378e-27
3.76049e-27
3.75721e-27
3.75392e-27
3.75065e-27
3.74737e-27
3.74410e-27
3.74083e-27
3.73756e-27
3.73430e-27
3.73104e-27
3.72779e-27
3.72454e-27
3.72129e-27
3.71804e-27
3.71480e-27
3.71156e-27
3.70832e-27
3.70509e-27
3.70186e-27
3.69864e-27
3.69542e-27
3.69220e-27
3.68898e-27
3.68577e-27
3.68256e-27
3.67935e-27
3.67615e-27
3.67295e-27
3.66975e-27
3.66656e-27
3.66337e-27
3.66019e-27
3.65700e-27
3.65382e-27
3.65065e-27
3.64747e-27
3.64430e-27
3.64114e-27
3.63797e-27
3.63481e-27
3.63165e-27
3.62850e-27
3.62535e-27
3.62220e-27
3.61906e-27
3.61592e-27
3.61278e-27
3.60964e-27
3.60651e-27
3.60338e-27
3.60026e-27
3.59714e-27
3.59402e-27
3.59090e-27
3.58779e-27
3.58468e-27
3.58157e-27
3.57847e-27
3.57537e-27
3.57227e-27
3.56918e-27
3.56609e-27
3.56300e-27
3.55992e-27
3.55684e-27
3.55376e-27
3.55068e-27
3.54761e-27
3.54454e-27
3.54148e-27
3.53842e-27
3.53536e-27
3.53230e-27
3.52925e-27
3.52620e-27
3.52315e-27
3.52011e-27
3.51706e-27
3.51403e-27
3.51099e-27
3.50796e-27
3.50493e-27
3.50191e-27
3.49888e-27
3.49587e-27
3.49285e-27
3.48984e-27
3.48683e-27
3.48382e-27
3.48081e-27
3.47781e-27
3.47482e-27
3.47182e-27
3.46883e-27
3.46584e-27
3.46285e-27
3.45987e-27
3.45689e-27
3.45391e-27
3.45094e-27
3.44797e-27
3.44500e-27
3.44204e-27
3.43907e-27
3.43611e-27
3.43316e-27
3.43021e-27
3.42726e-27
3.42431e-27
3.42136e-27
3.41842e-27
3.41548e-27
3.41255e-27
3.40962e-27
3.40669e-27
3.40376e-27
3.40084e-27
3.39792e-27
3.39500e-27
3.39209e-27
3.38917e-27
3.38626e-27
3.38336e-27
3.38046e-27
3.37756e-27
3.37466e-27
3.37176e-27
3.36887e-27
3.36598e-27
3.36310e-27
3.36022e-27
3.35734e-27
3.35446e-27
3.35159e-27
3.34871e-27
3.34585e-27
3.34298e-27
3.34012e-27
3.33726e-27
3.33440e-27
3.33155e-27
3.32870e-27
3.32585e-27
3.32300e-27
3.32016e-27
3.31732e-27
3.31449e-27
3.31165e-27
3.30882e-27
3.30599e-27
3.30317e-27
3.30034e-27
3.29752e-27
3.29471e-27
3.29189e-27
3.28908e-27
3.28627e-27
3.28347e-27
3.28066e-27
3.27786e-27
3.27507e-27
3.27227e-27
3.26948e-27
3.26669e-27
3.26390e-27
3.26112e-27
3.25834e-27
3.25556e-27
3.25279e-27
3.25002e-27
3.24725e-27
3.24448e-27
3.24171e-27
3.23895e-27
3.23619e-27
3.23344e-27
3.23069e-27
3.22794e-27
3.22519e-27
3.22244e-27
3.21970e-27
3.21696e-27
3.21422e-27
3.21149e-27
3.20876e-27
3.20603e-27
3.20331e-27
3.20058e-27
3.19786e-27
3.19514e-27
3.19243e-27
3.18972e-27
3.18701e-27
3.18430e-27
3.18160e-27
3.17889e-27
3.17620e-27
3.17350e-27
3.17081e-27
3.16811e-27
3.16543e-27
3.16274e-27
3.16006e-27
3.15738e-27
3.15470e-27
3.15202e-27
3.14935e-27
3.14668e-27
3.14402e-27
3.14135e-27
3.13869e-27
3.13603e-27
3.13337e-27
3.13072e-27
3.12807e-27
3.12542e-27
3.12277e-27
3.12013e-27
3.11749e-27
3.11485e-27
3.11222e-27
3.10958e-27
3.10695e-27
3.10433e-27
3.10170e-27
3.09908e-27
3.09646e-27
3.09384e-27
3.09123e-27
3.08861e-27
3.08600e-27
3.08340e-27
3.08079e-27
3.07819e-27
3.07559e-27
3.07299e-27
3.07040e-27
3.06781e-27
3.06522e-27
3.06263e-27
3.06005e-27
3.05747e-27
3.05489e-27
3.05231e-27
3.04974e-27
3.04717e-27
3.04460e-27
3.04203e-27
3.03947e-27
3.03691e-27
3.03435e-27
3.03179e-27
3.02924e-27
3.02669e-27
3.02414e-27
3.02159e-27
3.01905e-27
3.01651e-27
3.01397e-27
3.01143e-27
3.00890e-27
3.00637e-27
3.00384e-27
3.00131e-27
2.99879e-27
2.99627e-27
2.99375e-27
2.99123e-27
2.98872e-27
2.98621e-27
2.98370e-27
2.98119e-27
2.97869e-27
2.97618e-27
2.97369e-27
2.97119e-27
2.96869e-27
2.96620e-27
2.96371e-27
2.96123e-27
2.95874e-27
2.95626e-27
2.95378e-27
2.95130e-27
2.94883e-27
2.94636e-27
2.94389e-27
2.94142e-27
2.93895e-27
2.93649e-27
2.93403e-27
2.93157e-27
2.92912e-27
2.92666e-27
2.92421e-27
2.92176e-27
2.91932e-27
2.91687e-27
2.91443e-27
2.91199e-27
2.90956e-27
2.90712e-27
2.90469e-27
2.90226e-27
2.89983e-27
2.89741e-27
2.89499e-27
2.89257e-27
2.89015e-27
2.88774e-27
2.88532e-27
2.88291e-27
2.88050e-27
2.87810e-27
2.87569e-27
2.87329e-27
2.87089e-27
2.86850e-27
2.86610e-27
2.86371e-27
2.86132e-27
2.85893e-27
2.85655e-27
2.85417e-27
2.85179e-27
2.84941e-27
2.84703e-27
2.84466e-27
2.84229e-27
2.83992e-27
2.83755e-27
2.83519e-27
2.83283e-27
2.83047e-27
2.82811e-27
2.82576e-27
2.82340e-27
2.82105e-27
2.81870e-27
2.81636e-27
2.81401e-27
2.81167e-27
2.80933e-27
2.80700e-27
2.80466e-27
2.80233e-27
2.80000e-27
2.79767e-27
2.79535e-27
2.79302e-27
2.79070e-27
2.78838e-27
2.78607e-27
2.78375e-27
2.78144e-27
2.77913e-27
2.77682e-27
2.77452e-27
2.77221e-27
2.76991e-27
2.76761e-27
2.76532e-27
2.76302e-27
2.76073e-27
2.75844e-27
2.75615e-27
2.75387e-27
2.75159e-27
2.74930e-27
2.74703e-27
2.74475e-27
2.74247e-27
2.74020e-27
2.73793e-27
2.73566e-27
2.73340e-27
2.73113e-27
2.72887e-27
2.72661e-27
2.72436e-27
2.72210e-27
2.71985e-27
2.71760e-27
2.71535e-27
2.71310e-27
2.71086e-27
2.70862e-27
2.70638e-27
2.70414e-27
2.70190e-27
2.69967e-27
2.69744e-27
2.69521e-27
2.69298e-27
2.69076e-27
2.68854e-27
2.68632e-27
2.68410e-27
2.68188e-27
2.67967e-27
2.67746e-27
2.67525e-27
2.67304e-27
2.67083e-27
2.66863e-27
2.66643e-27
2.66423e-27
2.66203e-27
2.65984e-27
2.65764e-27
2.65545e-27
2.65326e-27
2.65108e-27
2.64889e-27
2.64671e-27
2.64453e-27
2.64235e-27
2.64017e-27
2.63800e-27
2.63583e-27
2.63366e-27
2.63149e-27
2.62932e-27
2.62716e-27
2.62500e-27
2.62284e-27
2.62068e-27
2.61852e-27
2.61637e-27
2.61422e-27
2.61207e-27
2.60992e-27
2.60778e-27
2.60563e-27
2.60349e-27
2.60135e-27
2.59922e-27
2.59708e-27
2.59495e-27
2.59282e-27
2.59069e-27
2.58856e-27
2.58643e-27
2.58431e-27
2.58219e-27
2.58007e-27
2.57795e-27
2.57584e-27
2.57373e-27
2.57162e-27
2.56951e-27
2.56740e-27
2.56529e-27
2.56319e-27
2.56109e-27
2.55899e-27
2.55689e-27
2.55480e-27
2.55271e-27
2.55062e-27
2.54853e-27
2.54644e-27
2.54435e-27
2.54227e-27
2.54019e-27
2.53811e-27
2.53603e-27
2.53396e-27
2.53189e-27
2.52981e-27
2.52774e-27
2.52568e-27
2.52361e-27
2.52155e-27
2.51949e-27
2.51743e-27
2.51537e-27
2.51331e-27
2.51126e-27
2.50921e-27
2.50716e-27
2.50511e-27
2.50306e-27
2.50102e-27
2.49898e-27
2.49694e-27
2.49490e-27
2.49286e-27
2.49083e-27
2.48880e-27
2.48677e-27
2.48474e-27
2.48271e-27
2.48069e-27
2.47866e-27
2.47664e-27
2.47462e-27
2.47261e-27
2.47059e-27
2.46858e-27
2.46657e-27
2.46456e-27
2.46255e-27
2.46054e-27
2.45854e-27
2.45654e-27
2.45454e-27
2.45254e-27
2.45054e-27
2.44855e-27
2.44655e-27
2.44456e-27
2.44257e-27
2.44059e-27
2.43860e-27
2.43662e-27
2.43464e-27
2.43266e-27
2.43068e-27
2.42870e-27
2.42673e-27
2.42476e-27
2.42279e-27
2.42082e-27
2.41885e-27
2.41689e-27
2.41492e-27
2.41296e-27
2.41100e-27
2.40905e-27
2.40709e-27
2.40514e-27
2.40319e-27
2.40123e-27
2.39929e-27
2.39734e-27
2.39540e-27
2.39345e-27
2.39151e-27
2.38957e-27
2.38764e-27
2.38570e-27
2.38377e-27
2.38183e-27
2.37990e-27
2.37798e-27
2.37605e-27
2.37412e-27
2.37220e-27
2.37028e-27
2.36836e-27
2.36644e-27
2.36453e-27
2.36261e-27
2.36070e-27
2.35879e-27
2.35688e-27
2.35497e-27
2.35307e-27
2.35117e-27
2.34926e-27
2.34736e-27
2.34547e-27
2.34357e-27
2.34168e-27
2.33978e-27
2.33789e-27
2.33600e-27
2.33412e-27
2.33223e-27
2.33035e-27
2.32846e-27
2.32658e-27
2.32471e-27
2.32283e-27
2.32095e-27
2.31908e-27
2.31721e-27
2.31534e-27
2.31347e-27
2.31160e-27
2.30974e-27
2.30788e-27
2.30601e-27
2.30415e-27
2.30230e-27
2.30044e-27
2.29859e-27
2.29673e-27
2.29488e-27
2.29303e-27
2.29119e-27
2.28934e-27
2.28750e-27
2.28565e-27
2.28381e-27
2.28197e-27
2.28014e-27
2.27830e-27
2.27647e-27
2.27463e-27
2.27280e-27
2.27098e-27
2.26915e-27
2.26732e-27
2.26550e-27
2.26368e-27
2.26186e-27
2.26004e-27
2.25822e-27
2.25641e-27
2.25459e-27
2.25278e-27
2.25097e-27
2.24916e-27
2.24735e-27
2.24555e-27
2.24375e-27
2.24194e-27
2.24014e-27
2.23834e-27
2.23655e-27
2.23475e-27
2.23296e-27
2.23117e-27
2.22938e-27
2.22759e-27
2.22580e-27
2.22402e-27
2.22223e-27
2.22045e-27
2.21867e-27
2.21689e-27
2.21511e-27
2.21334e-27
2.21156e-27
2.20979e-27
2.20802e-27
2.20625e-27
2.20448e-27
2.20272e-27
2.20095e-27
2.19919e-27
2.19743e-27
2.19567e-27
2.19391e-27
2.19216e-27
2.19040e-27
2.18865e-27
2.18690e-27
2.18515e-27
2.18340e-27
2.18165e-27
2.17991e-27
2.17817e-27
2.17642e-27
2.17468e-27
2.17295e-27
2.17121e-27
2.16947e-27
2.16774e-27
2.16601e-27
2.16428e-27
2.16255e-27
2.16082e-27
2.15910e-27
2.15737e-27
2.15565e-27
2.15393e-27
2.15221e-27
2.15049e-27
2.14877e-27
2.14706e-27
2.14535e-27
2.14363e-27
2.14192e-27
2.14022e-27
2.13851e-27
2.13680e-27
2.13510e-27
2.13340e-27
2.13170e-27
2.13000e-27
2.12830e-27
2.12660e-27
2.12491e-27
2.12322e-27
2.12152e-27
2.11983e-27
2.11815e-27
2.11646e-27
2.11477e-27
2.11309e-27
2.11141e-27
2.10973e-27
2.10805e-27
2.10637e-27
2.10469e-27
2.10302e-27
2.10135e-27
2.09968e-27
2.09801e-27
2.09634e-27
2.09467e-27
2.09300e-27
2.09134e-27
2.08968e-27
2.08802e-27
2.08636e-27
2.08470e-27
2.08304e-27
2.08139e-27
2.07974e-27
2.07808e-27
2.07643e-27
2.07478e-27
2.07314e-27
2.07149e-27
2.06985e-27
2.06820e-27
2.06656e-27
2.06492e-27
2.06328e-27
2.06165e-27
2.06001e-27
2.05838e-27
2.05674e-27
2.05511e-27
2.05348e-27
2.05186e-27
2.05023e-27
2.04860e-27
2.04698e-27
2.04536e-27
2.04374e-27
2.04212e-27
2.04050e-27
2.03888e-27
2.03727e-27
2.03566e-27
2.03404e-27
2.03243e-27
2.03082e-27
2.02922e-27
2.02761e-27
2.02601e-27
2.02440e-27
2.02280e-27
2.02120e-27
2.01960e-27
2.01800e-27
2.01641e-27
2.01481e-27
2.01322e-27
2.01163e-27
2.01004e-27
2.00845e-27
2.00686e-27
2.00527e-27
2.00369e-27
2.00211e-27
2.00053e-27
1.99894e-27
1.99737e-27
1.99579e-27
1.99421e-27
1.99264e-27
1.99106e-27
1.98949e-27
1.98792e-27
1.98635e-27
1.98479e-27
1.98322e-27
1.98165e-27
1.98009e-27
1.97853e-27
1.97697e-27
1.97541e-27
1.97385e-27
1.97230e-27
1.97074e-27
1.96919e-27
1.96763e-27
1.96608e-27
1.96453e-27
1.96299e-27
1.96144e-27
1.95989e-27
1.95835e-27
1.95681e-27
1.95527e-27
1.95373e-27
1.95219e-27
1.95065e-27
1.94912e-27
1.94758e-27
1.94605e-27
1.94452e-27
1.94299e-27
1.94146e-27
1.93993e-27
1.93841e-27
1.93688e-27
1.93536e-27
1.93384e-27
1.93231e-27
1.93080e-27
1.92928e-27
1.92776e-27
1.92625e-27
1.92473e-27
1.92322e-27
1.92171e-27
1.92020e-27
1.91869e-27
1.91718e-27
1.91568e-27
1.91417e-27
1.91267e-27
1.91117e-27
1.90967e-27
1.90817e-27
1.90667e-27
1.90517e-27
1.90368e-27
1.90219e-27
1.90069e-27
1.89920e-27
1.89771e-27
1.89622e-27
1.89474e-27
1.89325e-27
1.89177e-27
1.89028e-27
1.88880e-27
1.88732e-27
1.88584e-27
1.88436e-27
1.88289e-27
1.88141e-27
1.87994e-27
1.87847e-27
1.87699e-27
1.87552e-27
1.87406e-27
1.87259e-27
1.87112e-27
1.86966e-27
1.86819e-27
1.86673e-27
1.86527e-27
1.86381e-27
1.86235e-27
1.86090e-27
1.85944e-27
1.85799e-27
1.85653e-27
1.85508e-27
1.85363e-27
1.85218e-27
1.85073e-27
1.84929e-27
1.84784e-27
1.84640e-27
1.84495e-27
1.84351e-27
1.84207e-27
1.84063e-27
1.83919e-27
1.83776e-27
1.83632e-27
1.83489e-27
1.83346e-27
1.83202e-27
1.83059e-27
1.82916e-27
1.82774e-27
1.82631e-27
1.82489e-27
1.82346e-27
1.82204e-27
1.82062e-27
1.81920e-27
1.81778e-27
1.81636e-27
1.81494e-27
1.81353e-27
1.81211e-27
1.81070e-27
1.80929e-27
1.80788e-27
1.80647e-27
1.80506e-27
1.80366e-27
1.80225e-27
1.80085e-27
1.79944e-27
1.79804e-27
1.79664e-27
1.79524e-27
1.79385e-27
1.79245e-27
1.79105e-27
1.78966e-27
1.78827e-27
1.78687e-27
1.78548e-27
1.78409e-27
1.78271e-27
1.78132e-27
1.77993e-27
1.77855e-27
1.77717e-27
1.77578e-27
1.77440e-27
1.77302e-27
1.77164e-27
1.77027e-27
1.76889e-27
1.76752e-27
1.76614e-27
1.76477e-27
1.76340e-27
1.76203e-27
1.76066e-27
1.75929e-27
1.75793e-27
1.75656e-27
1.75520e-27
1.75383e-27
1.75247e-27
1.75111e-27
1.74975e-27
1.74839e-27
1.74704e-27
1.74568e-27
1.74433e-27
1.74297e-27
1.74162e-27
1.74027e-27
1.73892e-27
1.73757e-27
1.73623e-27
1.73488e-27
1.73353e-27
1.73219e-27
1.73085e-27
1.72951e-27
1.72816e-27
1.72683e-27
1.72549e-27
1.72415e-27
1.72281e-27
1.72148e-27
1.72015e-27
1.71881e-27
1.71748e-27
1.71615e-27
1.71482e-27
1.71350e-27
1.71217e-27
1.71084e-27
1.70952e-27
1.70820e-27
1.70688e-27
1.70555e-27
1.70423e-27
1.70292e-27
1.70160e-27
1.70028e-27
1.69897e-27
1.69765e-27
1.69634e-27
1.69503e-27